current_image,is_repeat,trial_index,is_blank_trial,is_new_run,run_num,all_blanks_list
images/image_234_seed_1.png,0,0,0,0,0,"[9, 19, 29, 39, 49, 59, 68, 69, 70, 71]"
images/image_298_seed_1.png,0,1,0,0,0,"[9, 19, 29, 39, 49, 59, 68, 69, 70, 71]"
images/image_63_seed_1.png,0,2,0,0,0,"[9, 19, 29, 39, 49, 59, 68, 69, 70, 71]"
images/image_622_seed_1.png,0,3,0,0,0,"[9, 19, 29, 39, 49, 59, 68, 69, 70, 71]"
images/image_3_seed_1.png,0,4,0,0,0,"[9, 19, 29, 39, 49, 59, 68, 69, 70, 71]"
images/image_519_seed_1.png,0,5,0,0,0,"[9, 19, 29, 39, 49, 59, 68, 69, 70, 71]"
images/image_231_seed_1.png,0,6,0,0,0,"[9, 19, 29, 39, 49, 59, 68, 69, 70, 71]"
images/image_732_seed_1.png,0,7,0,0,0,"[9, 19, 29, 39, 49, 59, 68, 69, 70, 71]"
images/image_405_seed_1.png,0,8,0,0,0,"[9, 19, 29, 39, 49, 59, 68, 69, 70, 71]"
images/blank.jpg,0,9,1,0,0,"[9, 19, 29, 39, 49, 59, 68, 69, 70, 71]"
images/image_54_seed_1.png,0,10,0,0,0,"[9, 19, 29, 39, 49, 59, 68, 69, 70, 71]"
images/image_438_seed_1.png,0,11,0,0,0,"[9, 19, 29, 39, 49, 59, 68, 69, 70, 71]"
images/image_745_seed_1.png,0,12,0,0,0,"[9, 19, 29, 39, 49, 59, 68, 69, 70, 71]"
images/image_426_seed_1.png,0,13,0,0,0,"[9, 19, 29, 39, 49, 59, 68, 69, 70, 71]"
images/image_452_seed_1.png,0,14,0,0,0,"[9, 19, 29, 39, 49, 59, 68, 69, 70, 71]"
images/image_568_seed_1.png,0,15,0,0,0,"[9, 19, 29, 39, 49, 59, 68, 69, 70, 71]"
images/image_96_seed_1.png,0,16,0,0,0,"[9, 19, 29, 39, 49, 59, 68, 69, 70, 71]"
images/image_500_seed_1.png,0,17,0,0,0,"[9, 19, 29, 39, 49, 59, 68, 69, 70, 71]"
images/image_470_seed_1.png,0,18,0,0,0,"[9, 19, 29, 39, 49, 59, 68, 69, 70, 71]"
images/blank.jpg,0,19,1,0,0,"[9, 19, 29, 39, 49, 59, 68, 69, 70, 71]"
images/image_34_seed_1.png,0,20,0,0,0,"[9, 19, 29, 39, 49, 59, 68, 69, 70, 71]"
images/image_423_seed_1.png,0,21,0,0,0,"[9, 19, 29, 39, 49, 59, 68, 69, 70, 71]"
images/image_45_seed_1.png,0,22,0,0,0,"[9, 19, 29, 39, 49, 59, 68, 69, 70, 71]"
images/image_638_seed_1.png,0,23,0,0,0,"[9, 19, 29, 39, 49, 59, 68, 69, 70, 71]"
images/image_350_seed_1.png,0,24,0,0,0,"[9, 19, 29, 39, 49, 59, 68, 69, 70, 71]"
images/image_496_seed_1.png,0,25,0,0,0,"[9, 19, 29, 39, 49, 59, 68, 69, 70, 71]"
images/image_363_seed_1.png,0,26,0,0,0,"[9, 19, 29, 39, 49, 59, 68, 69, 70, 71]"
images/image_420_seed_1.png,0,27,0,0,0,"[9, 19, 29, 39, 49, 59, 68, 69, 70, 71]"
images/image_669_seed_1.png,0,28,0,0,0,"[9, 19, 29, 39, 49, 59, 68, 69, 70, 71]"
images/blank.jpg,0,29,1,0,0,"[9, 19, 29, 39, 49, 59, 68, 69, 70, 71]"
images/image_548_seed_1.png,0,30,0,0,0,"[9, 19, 29, 39, 49, 59, 68, 69, 70, 71]"
images/image_274_seed_1.png,0,31,0,0,0,"[9, 19, 29, 39, 49, 59, 68, 69, 70, 71]"
images/image_448_seed_1.png,0,32,0,0,0,"[9, 19, 29, 39, 49, 59, 68, 69, 70, 71]"
images/image_100_seed_1.png,0,33,0,0,0,"[9, 19, 29, 39, 49, 59, 68, 69, 70, 71]"
images/image_82_seed_1.png,0,34,0,0,0,"[9, 19, 29, 39, 49, 59, 68, 69, 70, 71]"
images/image_195_seed_1.png,0,35,0,0,0,"[9, 19, 29, 39, 49, 59, 68, 69, 70, 71]"
images/image_339_seed_1.png,0,36,0,0,0,"[9, 19, 29, 39, 49, 59, 68, 69, 70, 71]"
images/image_326_seed_1.png,0,37,0,0,0,"[9, 19, 29, 39, 49, 59, 68, 69, 70, 71]"
images/image_282_seed_1.png,0,38,0,0,0,"[9, 19, 29, 39, 49, 59, 68, 69, 70, 71]"
images/blank.jpg,0,39,1,0,0,"[9, 19, 29, 39, 49, 59, 68, 69, 70, 71]"
images/image_705_seed_1.png,0,40,0,0,0,"[9, 19, 29, 39, 49, 59, 68, 69, 70, 71]"
images/image_422_seed_1.png,0,41,0,0,0,"[9, 19, 29, 39, 49, 59, 68, 69, 70, 71]"
images/image_49_seed_1.png,0,42,0,0,0,"[9, 19, 29, 39, 49, 59, 68, 69, 70, 71]"
images/image_708_seed_1.png,0,43,0,0,0,"[9, 19, 29, 39, 49, 59, 68, 69, 70, 71]"
images/image_274_seed_1.png,1,44,0,0,0,"[9, 19, 29, 39, 49, 59, 68, 69, 70, 71]"
images/image_318_seed_1.png,0,45,0,0,0,"[9, 19, 29, 39, 49, 59, 68, 69, 70, 71]"
images/image_733_seed_1.png,0,46,0,0,0,"[9, 19, 29, 39, 49, 59, 68, 69, 70, 71]"
images/image_407_seed_1.png,0,47,0,0,0,"[9, 19, 29, 39, 49, 59, 68, 69, 70, 71]"
images/image_535_seed_1.png,0,48,0,0,0,"[9, 19, 29, 39, 49, 59, 68, 69, 70, 71]"
images/blank.jpg,0,49,1,0,0,"[9, 19, 29, 39, 49, 59, 68, 69, 70, 71]"
images/image_359_seed_1.png,0,50,0,0,0,"[9, 19, 29, 39, 49, 59, 68, 69, 70, 71]"
images/image_235_seed_1.png,0,51,0,0,0,"[9, 19, 29, 39, 49, 59, 68, 69, 70, 71]"
images/image_149_seed_1.png,0,52,0,0,0,"[9, 19, 29, 39, 49, 59, 68, 69, 70, 71]"
images/image_469_seed_1.png,0,53,0,0,0,"[9, 19, 29, 39, 49, 59, 68, 69, 70, 71]"
images/image_654_seed_1.png,0,54,0,0,0,"[9, 19, 29, 39, 49, 59, 68, 69, 70, 71]"
images/image_423_seed_1.png,1,55,0,0,0,"[9, 19, 29, 39, 49, 59, 68, 69, 70, 71]"
images/image_142_seed_1.png,0,56,0,0,0,"[9, 19, 29, 39, 49, 59, 68, 69, 70, 71]"
images/image_592_seed_1.png,0,57,0,0,0,"[9, 19, 29, 39, 49, 59, 68, 69, 70, 71]"
images/image_262_seed_1.png,0,58,0,0,0,"[9, 19, 29, 39, 49, 59, 68, 69, 70, 71]"
images/blank.jpg,0,59,1,0,0,"[9, 19, 29, 39, 49, 59, 68, 69, 70, 71]"
images/image_88_seed_1.png,0,60,0,0,0,"[9, 19, 29, 39, 49, 59, 68, 69, 70, 71]"
images/image_403_seed_1.png,0,61,0,0,0,"[9, 19, 29, 39, 49, 59, 68, 69, 70, 71]"
images/image_404_seed_1.png,0,62,0,0,0,"[9, 19, 29, 39, 49, 59, 68, 69, 70, 71]"
images/image_542_seed_1.png,0,63,0,0,0,"[9, 19, 29, 39, 49, 59, 68, 69, 70, 71]"
images/image_285_seed_1.png,0,64,0,0,0,"[9, 19, 29, 39, 49, 59, 68, 69, 70, 71]"
images/image_525_seed_1.png,0,65,0,0,0,"[9, 19, 29, 39, 49, 59, 68, 69, 70, 71]"
images/image_663_seed_1.png,0,66,0,0,0,"[9, 19, 29, 39, 49, 59, 68, 69, 70, 71]"
images/image_546_seed_1.png,0,67,0,0,0,"[9, 19, 29, 39, 49, 59, 68, 69, 70, 71]"
images/blank.jpg,0,68,1,0,0,"[9, 19, 29, 39, 49, 59, 68, 69, 70, 71]"
images/blank.jpg,0,69,1,0,0,"[9, 19, 29, 39, 49, 59, 68, 69, 70, 71]"
images/blank.jpg,0,70,1,0,0,"[9, 19, 29, 39, 49, 59, 68, 69, 70, 71]"
images/blank.jpg,0,71,1,1,0,"[9, 19, 29, 39, 49, 59, 68, 69, 70, 71]"
images/image_697_seed_1.png,0,0,0,0,1,"[9, 19, 31, 42, 56, 68, 69, 70, 71]"
images/image_606_seed_1.png,0,1,0,0,1,"[9, 19, 31, 42, 56, 68, 69, 70, 71]"
images/image_631_seed_1.png,0,2,0,0,1,"[9, 19, 31, 42, 56, 68, 69, 70, 71]"
images/image_359_seed_1.png,1,3,0,0,1,"[9, 19, 31, 42, 56, 68, 69, 70, 71]"
images/image_495_seed_1.png,0,4,0,0,1,"[9, 19, 31, 42, 56, 68, 69, 70, 71]"
images/image_22_seed_1.png,0,5,0,0,1,"[9, 19, 31, 42, 56, 68, 69, 70, 71]"
images/image_660_seed_1.png,0,6,0,0,1,"[9, 19, 31, 42, 56, 68, 69, 70, 71]"
images/image_231_seed_1.png,1,7,0,0,1,"[9, 19, 31, 42, 56, 68, 69, 70, 71]"
images/image_465_seed_1.png,0,8,0,0,1,"[9, 19, 31, 42, 56, 68, 69, 70, 71]"
images/blank.jpg,0,9,1,0,1,"[9, 19, 31, 42, 56, 68, 69, 70, 71]"
images/image_682_seed_1.png,0,10,0,0,1,"[9, 19, 31, 42, 56, 68, 69, 70, 71]"
images/image_523_seed_1.png,0,11,0,0,1,"[9, 19, 31, 42, 56, 68, 69, 70, 71]"
images/image_230_seed_1.png,0,12,0,0,1,"[9, 19, 31, 42, 56, 68, 69, 70, 71]"
images/image_596_seed_1.png,0,13,0,0,1,"[9, 19, 31, 42, 56, 68, 69, 70, 71]"
images/image_187_seed_1.png,0,14,0,0,1,"[9, 19, 31, 42, 56, 68, 69, 70, 71]"
images/image_718_seed_1.png,0,15,0,0,1,"[9, 19, 31, 42, 56, 68, 69, 70, 71]"
images/image_60_seed_1.png,0,16,0,0,1,"[9, 19, 31, 42, 56, 68, 69, 70, 71]"
images/image_604_seed_1.png,0,17,0,0,1,"[9, 19, 31, 42, 56, 68, 69, 70, 71]"
images/image_716_seed_1.png,0,18,0,0,1,"[9, 19, 31, 42, 56, 68, 69, 70, 71]"
images/blank.jpg,0,19,1,0,1,"[9, 19, 31, 42, 56, 68, 69, 70, 71]"
images/image_597_seed_1.png,0,20,0,0,1,"[9, 19, 31, 42, 56, 68, 69, 70, 71]"
images/image_203_seed_1.png,0,21,0,0,1,"[9, 19, 31, 42, 56, 68, 69, 70, 71]"
images/image_455_seed_1.png,0,22,0,0,1,"[9, 19, 31, 42, 56, 68, 69, 70, 71]"
images/image_460_seed_1.png,0,23,0,0,1,"[9, 19, 31, 42, 56, 68, 69, 70, 71]"
images/image_593_seed_1.png,0,24,0,0,1,"[9, 19, 31, 42, 56, 68, 69, 70, 71]"
images/image_365_seed_1.png,0,25,0,0,1,"[9, 19, 31, 42, 56, 68, 69, 70, 71]"
images/image_682_seed_1.png,1,26,0,0,1,"[9, 19, 31, 42, 56, 68, 69, 70, 71]"
images/image_465_seed_1.png,1,27,0,0,1,"[9, 19, 31, 42, 56, 68, 69, 70, 71]"
images/image_5_seed_1.png,0,28,0,0,1,"[9, 19, 31, 42, 56, 68, 69, 70, 71]"
images/image_198_seed_1.png,0,29,0,0,1,"[9, 19, 31, 42, 56, 68, 69, 70, 71]"
images/image_652_seed_1.png,0,30,0,0,1,"[9, 19, 31, 42, 56, 68, 69, 70, 71]"
images/blank.jpg,0,31,1,0,1,"[9, 19, 31, 42, 56, 68, 69, 70, 71]"
images/image_396_seed_1.png,0,32,0,0,1,"[9, 19, 31, 42, 56, 68, 69, 70, 71]"
images/image_158_seed_1.png,0,33,0,0,1,"[9, 19, 31, 42, 56, 68, 69, 70, 71]"
images/image_379_seed_1.png,0,34,0,0,1,"[9, 19, 31, 42, 56, 68, 69, 70, 71]"
images/image_596_seed_1.png,1,35,0,0,1,"[9, 19, 31, 42, 56, 68, 69, 70, 71]"
images/image_541_seed_1.png,0,36,0,0,1,"[9, 19, 31, 42, 56, 68, 69, 70, 71]"
images/image_90_seed_1.png,0,37,0,0,1,"[9, 19, 31, 42, 56, 68, 69, 70, 71]"
images/image_559_seed_1.png,0,38,0,0,1,"[9, 19, 31, 42, 56, 68, 69, 70, 71]"
images/image_28_seed_1.png,0,39,0,0,1,"[9, 19, 31, 42, 56, 68, 69, 70, 71]"
images/image_551_seed_1.png,0,40,0,0,1,"[9, 19, 31, 42, 56, 68, 69, 70, 71]"
images/image_418_seed_1.png,0,41,0,0,1,"[9, 19, 31, 42, 56, 68, 69, 70, 71]"
images/blank.jpg,0,42,1,0,1,"[9, 19, 31, 42, 56, 68, 69, 70, 71]"
images/image_270_seed_1.png,0,43,0,0,1,"[9, 19, 31, 42, 56, 68, 69, 70, 71]"
images/image_10_seed_1.png,0,44,0,0,1,"[9, 19, 31, 42, 56, 68, 69, 70, 71]"
images/image_744_seed_1.png,0,45,0,0,1,"[9, 19, 31, 42, 56, 68, 69, 70, 71]"
images/image_499_seed_1.png,0,46,0,0,1,"[9, 19, 31, 42, 56, 68, 69, 70, 71]"
images/image_619_seed_1.png,0,47,0,0,1,"[9, 19, 31, 42, 56, 68, 69, 70, 71]"
images/image_421_seed_1.png,0,48,0,0,1,"[9, 19, 31, 42, 56, 68, 69, 70, 71]"
images/image_126_seed_1.png,0,49,0,0,1,"[9, 19, 31, 42, 56, 68, 69, 70, 71]"
images/image_598_seed_1.png,0,50,0,0,1,"[9, 19, 31, 42, 56, 68, 69, 70, 71]"
images/image_82_seed_1.png,1,51,0,0,1,"[9, 19, 31, 42, 56, 68, 69, 70, 71]"
images/image_89_seed_1.png,0,52,0,0,1,"[9, 19, 31, 42, 56, 68, 69, 70, 71]"
images/image_157_seed_1.png,0,53,0,0,1,"[9, 19, 31, 42, 56, 68, 69, 70, 71]"
images/image_508_seed_1.png,0,54,0,0,1,"[9, 19, 31, 42, 56, 68, 69, 70, 71]"
images/image_681_seed_1.png,0,55,0,0,1,"[9, 19, 31, 42, 56, 68, 69, 70, 71]"
images/blank.jpg,0,56,1,0,1,"[9, 19, 31, 42, 56, 68, 69, 70, 71]"
images/image_627_seed_1.png,0,57,0,0,1,"[9, 19, 31, 42, 56, 68, 69, 70, 71]"
images/image_303_seed_1.png,0,58,0,0,1,"[9, 19, 31, 42, 56, 68, 69, 70, 71]"
images/image_436_seed_1.png,0,59,0,0,1,"[9, 19, 31, 42, 56, 68, 69, 70, 71]"
images/image_643_seed_1.png,0,60,0,0,1,"[9, 19, 31, 42, 56, 68, 69, 70, 71]"
images/image_195_seed_1.png,1,61,0,0,1,"[9, 19, 31, 42, 56, 68, 69, 70, 71]"
images/image_77_seed_1.png,0,62,0,0,1,"[9, 19, 31, 42, 56, 68, 69, 70, 71]"
images/image_522_seed_1.png,0,63,0,0,1,"[9, 19, 31, 42, 56, 68, 69, 70, 71]"
images/image_669_seed_1.png,1,64,0,0,1,"[9, 19, 31, 42, 56, 68, 69, 70, 71]"
images/image_86_seed_1.png,0,65,0,0,1,"[9, 19, 31, 42, 56, 68, 69, 70, 71]"
images/image_691_seed_1.png,0,66,0,0,1,"[9, 19, 31, 42, 56, 68, 69, 70, 71]"
images/image_703_seed_1.png,0,67,0,0,1,"[9, 19, 31, 42, 56, 68, 69, 70, 71]"
images/blank.jpg,0,68,1,0,1,"[9, 19, 31, 42, 56, 68, 69, 70, 71]"
images/blank.jpg,0,69,1,0,1,"[9, 19, 31, 42, 56, 68, 69, 70, 71]"
images/blank.jpg,0,70,1,0,1,"[9, 19, 31, 42, 56, 68, 69, 70, 71]"
images/blank.jpg,0,71,1,1,1,"[9, 19, 31, 42, 56, 68, 69, 70, 71]"
images/image_637_seed_1.png,0,0,0,0,2,"[9, 19, 29, 39, 49, 59, 68, 69, 70, 71]"
images/image_358_seed_1.png,0,1,0,0,2,"[9, 19, 29, 39, 49, 59, 68, 69, 70, 71]"
images/image_524_seed_1.png,0,2,0,0,2,"[9, 19, 29, 39, 49, 59, 68, 69, 70, 71]"
images/image_381_seed_1.png,0,3,0,0,2,"[9, 19, 29, 39, 49, 59, 68, 69, 70, 71]"
images/image_664_seed_1.png,0,4,0,0,2,"[9, 19, 29, 39, 49, 59, 68, 69, 70, 71]"
images/image_367_seed_1.png,0,5,0,0,2,"[9, 19, 29, 39, 49, 59, 68, 69, 70, 71]"
images/image_701_seed_1.png,0,6,0,0,2,"[9, 19, 29, 39, 49, 59, 68, 69, 70, 71]"
images/image_639_seed_1.png,0,7,0,0,2,"[9, 19, 29, 39, 49, 59, 68, 69, 70, 71]"
images/image_648_seed_1.png,0,8,0,0,2,"[9, 19, 29, 39, 49, 59, 68, 69, 70, 71]"
images/blank.jpg,0,9,1,0,2,"[9, 19, 29, 39, 49, 59, 68, 69, 70, 71]"
images/image_430_seed_1.png,0,10,0,0,2,"[9, 19, 29, 39, 49, 59, 68, 69, 70, 71]"
images/image_696_seed_1.png,0,11,0,0,2,"[9, 19, 29, 39, 49, 59, 68, 69, 70, 71]"
images/image_20_seed_1.png,0,12,0,0,2,"[9, 19, 29, 39, 49, 59, 68, 69, 70, 71]"
images/image_685_seed_1.png,0,13,0,0,2,"[9, 19, 29, 39, 49, 59, 68, 69, 70, 71]"
images/image_461_seed_1.png,0,14,0,0,2,"[9, 19, 29, 39, 49, 59, 68, 69, 70, 71]"
images/image_438_seed_1.png,1,15,0,0,2,"[9, 19, 29, 39, 49, 59, 68, 69, 70, 71]"
images/image_305_seed_1.png,0,16,0,0,2,"[9, 19, 29, 39, 49, 59, 68, 69, 70, 71]"
images/image_119_seed_1.png,0,17,0,0,2,"[9, 19, 29, 39, 49, 59, 68, 69, 70, 71]"
images/image_185_seed_1.png,0,18,0,0,2,"[9, 19, 29, 39, 49, 59, 68, 69, 70, 71]"
images/blank.jpg,0,19,1,0,2,"[9, 19, 29, 39, 49, 59, 68, 69, 70, 71]"
images/image_372_seed_1.png,0,20,0,0,2,"[9, 19, 29, 39, 49, 59, 68, 69, 70, 71]"
images/image_46_seed_1.png,0,21,0,0,2,"[9, 19, 29, 39, 49, 59, 68, 69, 70, 71]"
images/image_126_seed_1.png,1,22,0,0,2,"[9, 19, 29, 39, 49, 59, 68, 69, 70, 71]"
images/image_224_seed_1.png,0,23,0,0,2,"[9, 19, 29, 39, 49, 59, 68, 69, 70, 71]"
images/image_87_seed_1.png,0,24,0,0,2,"[9, 19, 29, 39, 49, 59, 68, 69, 70, 71]"
images/image_42_seed_1.png,0,25,0,0,2,"[9, 19, 29, 39, 49, 59, 68, 69, 70, 71]"
images/image_658_seed_1.png,0,26,0,0,2,"[9, 19, 29, 39, 49, 59, 68, 69, 70, 71]"
images/image_537_seed_1.png,0,27,0,0,2,"[9, 19, 29, 39, 49, 59, 68, 69, 70, 71]"
images/image_472_seed_1.png,0,28,0,0,2,"[9, 19, 29, 39, 49, 59, 68, 69, 70, 71]"
images/blank.jpg,0,29,1,0,2,"[9, 19, 29, 39, 49, 59, 68, 69, 70, 71]"
images/image_538_seed_1.png,0,30,0,0,2,"[9, 19, 29, 39, 49, 59, 68, 69, 70, 71]"
images/image_605_seed_1.png,0,31,0,0,2,"[9, 19, 29, 39, 49, 59, 68, 69, 70, 71]"
images/image_523_seed_1.png,1,32,0,0,2,"[9, 19, 29, 39, 49, 59, 68, 69, 70, 71]"
images/image_56_seed_1.png,0,33,0,0,2,"[9, 19, 29, 39, 49, 59, 68, 69, 70, 71]"
images/image_726_seed_1.png,0,34,0,0,2,"[9, 19, 29, 39, 49, 59, 68, 69, 70, 71]"
images/image_599_seed_1.png,0,35,0,0,2,"[9, 19, 29, 39, 49, 59, 68, 69, 70, 71]"
images/image_207_seed_1.png,0,36,0,0,2,"[9, 19, 29, 39, 49, 59, 68, 69, 70, 71]"
images/image_567_seed_1.png,0,37,0,0,2,"[9, 19, 29, 39, 49, 59, 68, 69, 70, 71]"
images/image_199_seed_1.png,0,38,0,0,2,"[9, 19, 29, 39, 49, 59, 68, 69, 70, 71]"
images/blank.jpg,0,39,1,0,2,"[9, 19, 29, 39, 49, 59, 68, 69, 70, 71]"
images/image_22_seed_1.png,1,40,0,0,2,"[9, 19, 29, 39, 49, 59, 68, 69, 70, 71]"
images/image_656_seed_1.png,0,41,0,0,2,"[9, 19, 29, 39, 49, 59, 68, 69, 70, 71]"
images/image_31_seed_1.png,0,42,0,0,2,"[9, 19, 29, 39, 49, 59, 68, 69, 70, 71]"
images/image_7_seed_1.png,0,43,0,0,2,"[9, 19, 29, 39, 49, 59, 68, 69, 70, 71]"
images/image_316_seed_1.png,0,44,0,0,2,"[9, 19, 29, 39, 49, 59, 68, 69, 70, 71]"
images/image_178_seed_1.png,0,45,0,0,2,"[9, 19, 29, 39, 49, 59, 68, 69, 70, 71]"
images/image_45_seed_1.png,1,46,0,0,2,"[9, 19, 29, 39, 49, 59, 68, 69, 70, 71]"
images/image_79_seed_1.png,0,47,0,0,2,"[9, 19, 29, 39, 49, 59, 68, 69, 70, 71]"
images/image_679_seed_1.png,0,48,0,0,2,"[9, 19, 29, 39, 49, 59, 68, 69, 70, 71]"
images/blank.jpg,0,49,1,0,2,"[9, 19, 29, 39, 49, 59, 68, 69, 70, 71]"
images/image_268_seed_1.png,0,50,0,0,2,"[9, 19, 29, 39, 49, 59, 68, 69, 70, 71]"
images/image_161_seed_1.png,0,51,0,0,2,"[9, 19, 29, 39, 49, 59, 68, 69, 70, 71]"
images/image_190_seed_1.png,0,52,0,0,2,"[9, 19, 29, 39, 49, 59, 68, 69, 70, 71]"
images/image_269_seed_1.png,0,53,0,0,2,"[9, 19, 29, 39, 49, 59, 68, 69, 70, 71]"
images/image_225_seed_1.png,0,54,0,0,2,"[9, 19, 29, 39, 49, 59, 68, 69, 70, 71]"
images/image_668_seed_1.png,0,55,0,0,2,"[9, 19, 29, 39, 49, 59, 68, 69, 70, 71]"
images/image_409_seed_1.png,0,56,0,0,2,"[9, 19, 29, 39, 49, 59, 68, 69, 70, 71]"
images/image_428_seed_1.png,0,57,0,0,2,"[9, 19, 29, 39, 49, 59, 68, 69, 70, 71]"
images/image_627_seed_1.png,1,58,0,0,2,"[9, 19, 29, 39, 49, 59, 68, 69, 70, 71]"
images/blank.jpg,0,59,1,0,2,"[9, 19, 29, 39, 49, 59, 68, 69, 70, 71]"
images/image_738_seed_1.png,0,60,0,0,2,"[9, 19, 29, 39, 49, 59, 68, 69, 70, 71]"
images/image_276_seed_1.png,0,61,0,0,2,"[9, 19, 29, 39, 49, 59, 68, 69, 70, 71]"
images/image_433_seed_1.png,0,62,0,0,2,"[9, 19, 29, 39, 49, 59, 68, 69, 70, 71]"
images/image_199_seed_1.png,1,63,0,0,2,"[9, 19, 29, 39, 49, 59, 68, 69, 70, 71]"
images/image_198_seed_1.png,1,64,0,0,2,"[9, 19, 29, 39, 49, 59, 68, 69, 70, 71]"
images/image_12_seed_1.png,0,65,0,0,2,"[9, 19, 29, 39, 49, 59, 68, 69, 70, 71]"
images/image_163_seed_1.png,0,66,0,0,2,"[9, 19, 29, 39, 49, 59, 68, 69, 70, 71]"
images/image_174_seed_1.png,0,67,0,0,2,"[9, 19, 29, 39, 49, 59, 68, 69, 70, 71]"
images/blank.jpg,0,68,1,0,2,"[9, 19, 29, 39, 49, 59, 68, 69, 70, 71]"
images/blank.jpg,0,69,1,0,2,"[9, 19, 29, 39, 49, 59, 68, 69, 70, 71]"
images/blank.jpg,0,70,1,0,2,"[9, 19, 29, 39, 49, 59, 68, 69, 70, 71]"
images/blank.jpg,0,71,1,1,2,"[9, 19, 29, 39, 49, 59, 68, 69, 70, 71]"
images/image_632_seed_1.png,0,0,0,0,3,"[9, 19, 31, 45, 56, 68, 69, 70, 71]"
images/image_49_seed_1.png,1,1,0,0,3,"[9, 19, 31, 45, 56, 68, 69, 70, 71]"
images/image_154_seed_1.png,0,2,0,0,3,"[9, 19, 31, 45, 56, 68, 69, 70, 71]"
images/image_586_seed_1.png,0,3,0,0,3,"[9, 19, 31, 45, 56, 68, 69, 70, 71]"
images/image_728_seed_1.png,0,4,0,0,3,"[9, 19, 31, 45, 56, 68, 69, 70, 71]"
images/image_105_seed_1.png,0,5,0,0,3,"[9, 19, 31, 45, 56, 68, 69, 70, 71]"
images/image_30_seed_1.png,0,6,0,0,3,"[9, 19, 31, 45, 56, 68, 69, 70, 71]"
images/image_300_seed_1.png,0,7,0,0,3,"[9, 19, 31, 45, 56, 68, 69, 70, 71]"
images/image_152_seed_1.png,0,8,0,0,3,"[9, 19, 31, 45, 56, 68, 69, 70, 71]"
images/blank.jpg,0,9,1,0,3,"[9, 19, 31, 45, 56, 68, 69, 70, 71]"
images/image_387_seed_1.png,0,10,0,0,3,"[9, 19, 31, 45, 56, 68, 69, 70, 71]"
images/image_729_seed_1.png,0,11,0,0,3,"[9, 19, 31, 45, 56, 68, 69, 70, 71]"
images/image_681_seed_1.png,1,12,0,0,3,"[9, 19, 31, 45, 56, 68, 69, 70, 71]"
images/image_174_seed_1.png,1,13,0,0,3,"[9, 19, 31, 45, 56, 68, 69, 70, 71]"
images/image_21_seed_1.png,0,14,0,0,3,"[9, 19, 31, 45, 56, 68, 69, 70, 71]"
images/image_655_seed_1.png,0,15,0,0,3,"[9, 19, 31, 45, 56, 68, 69, 70, 71]"
images/image_440_seed_1.png,0,16,0,0,3,"[9, 19, 31, 45, 56, 68, 69, 70, 71]"
images/image_250_seed_1.png,0,17,0,0,3,"[9, 19, 31, 45, 56, 68, 69, 70, 71]"
images/image_680_seed_1.png,0,18,0,0,3,"[9, 19, 31, 45, 56, 68, 69, 70, 71]"
images/blank.jpg,0,19,1,0,3,"[9, 19, 31, 45, 56, 68, 69, 70, 71]"
images/image_464_seed_1.png,0,20,0,0,3,"[9, 19, 31, 45, 56, 68, 69, 70, 71]"
images/image_177_seed_1.png,0,21,0,0,3,"[9, 19, 31, 45, 56, 68, 69, 70, 71]"
images/image_328_seed_1.png,0,22,0,0,3,"[9, 19, 31, 45, 56, 68, 69, 70, 71]"
images/image_210_seed_1.png,0,23,0,0,3,"[9, 19, 31, 45, 56, 68, 69, 70, 71]"
images/image_692_seed_1.png,0,24,0,0,3,"[9, 19, 31, 45, 56, 68, 69, 70, 71]"
images/image_540_seed_1.png,0,25,0,0,3,"[9, 19, 31, 45, 56, 68, 69, 70, 71]"
images/image_646_seed_1.png,0,26,0,0,3,"[9, 19, 31, 45, 56, 68, 69, 70, 71]"
images/image_638_seed_1.png,1,27,0,0,3,"[9, 19, 31, 45, 56, 68, 69, 70, 71]"
images/image_619_seed_1.png,1,28,0,0,3,"[9, 19, 31, 45, 56, 68, 69, 70, 71]"
images/image_449_seed_1.png,0,29,0,0,3,"[9, 19, 31, 45, 56, 68, 69, 70, 71]"
images/image_129_seed_1.png,0,30,0,0,3,"[9, 19, 31, 45, 56, 68, 69, 70, 71]"
images/blank.jpg,0,31,1,0,3,"[9, 19, 31, 45, 56, 68, 69, 70, 71]"
images/image_429_seed_1.png,0,32,0,0,3,"[9, 19, 31, 45, 56, 68, 69, 70, 71]"
images/image_369_seed_1.png,0,33,0,0,3,"[9, 19, 31, 45, 56, 68, 69, 70, 71]"
images/image_279_seed_1.png,0,34,0,0,3,"[9, 19, 31, 45, 56, 68, 69, 70, 71]"
images/image_142_seed_1.png,1,35,0,0,3,"[9, 19, 31, 45, 56, 68, 69, 70, 71]"
images/image_744_seed_1.png,1,36,0,0,3,"[9, 19, 31, 45, 56, 68, 69, 70, 71]"
images/image_155_seed_1.png,0,37,0,0,3,"[9, 19, 31, 45, 56, 68, 69, 70, 71]"
images/image_0_seed_1.png,0,38,0,0,3,"[9, 19, 31, 45, 56, 68, 69, 70, 71]"
images/image_312_seed_1.png,0,39,0,0,3,"[9, 19, 31, 45, 56, 68, 69, 70, 71]"
images/image_67_seed_1.png,0,40,0,0,3,"[9, 19, 31, 45, 56, 68, 69, 70, 71]"
images/image_687_seed_1.png,0,41,0,0,3,"[9, 19, 31, 45, 56, 68, 69, 70, 71]"
images/image_16_seed_1.png,0,42,0,0,3,"[9, 19, 31, 45, 56, 68, 69, 70, 71]"
images/image_701_seed_1.png,1,43,0,0,3,"[9, 19, 31, 45, 56, 68, 69, 70, 71]"
images/image_471_seed_1.png,0,44,0,0,3,"[9, 19, 31, 45, 56, 68, 69, 70, 71]"
images/blank.jpg,0,45,1,0,3,"[9, 19, 31, 45, 56, 68, 69, 70, 71]"
images/image_493_seed_1.png,0,46,0,0,3,"[9, 19, 31, 45, 56, 68, 69, 70, 71]"
images/image_411_seed_1.png,0,47,0,0,3,"[9, 19, 31, 45, 56, 68, 69, 70, 71]"
images/image_460_seed_1.png,1,48,0,0,3,"[9, 19, 31, 45, 56, 68, 69, 70, 71]"
images/image_183_seed_1.png,0,49,0,0,3,"[9, 19, 31, 45, 56, 68, 69, 70, 71]"
images/image_101_seed_1.png,0,50,0,0,3,"[9, 19, 31, 45, 56, 68, 69, 70, 71]"
images/image_395_seed_1.png,0,51,0,0,3,"[9, 19, 31, 45, 56, 68, 69, 70, 71]"
images/image_521_seed_1.png,0,52,0,0,3,"[9, 19, 31, 45, 56, 68, 69, 70, 71]"
images/image_115_seed_1.png,0,53,0,0,3,"[9, 19, 31, 45, 56, 68, 69, 70, 71]"
images/image_319_seed_1.png,0,54,0,0,3,"[9, 19, 31, 45, 56, 68, 69, 70, 71]"
images/image_206_seed_1.png,0,55,0,0,3,"[9, 19, 31, 45, 56, 68, 69, 70, 71]"
images/blank.jpg,0,56,1,0,3,"[9, 19, 31, 45, 56, 68, 69, 70, 71]"
images/image_440_seed_1.png,1,57,0,0,3,"[9, 19, 31, 45, 56, 68, 69, 70, 71]"
images/image_95_seed_1.png,0,58,0,0,3,"[9, 19, 31, 45, 56, 68, 69, 70, 71]"
images/image_89_seed_1.png,1,59,0,0,3,"[9, 19, 31, 45, 56, 68, 69, 70, 71]"
images/image_741_seed_1.png,0,60,0,0,3,"[9, 19, 31, 45, 56, 68, 69, 70, 71]"
images/image_730_seed_1.png,0,61,0,0,3,"[9, 19, 31, 45, 56, 68, 69, 70, 71]"
images/image_533_seed_1.png,0,62,0,0,3,"[9, 19, 31, 45, 56, 68, 69, 70, 71]"
images/image_542_seed_1.png,1,63,0,0,3,"[9, 19, 31, 45, 56, 68, 69, 70, 71]"
images/image_118_seed_1.png,0,64,0,0,3,"[9, 19, 31, 45, 56, 68, 69, 70, 71]"
images/image_150_seed_1.png,0,65,0,0,3,"[9, 19, 31, 45, 56, 68, 69, 70, 71]"
images/image_520_seed_1.png,0,66,0,0,3,"[9, 19, 31, 45, 56, 68, 69, 70, 71]"
images/image_316_seed_1.png,1,67,0,0,3,"[9, 19, 31, 45, 56, 68, 69, 70, 71]"
images/blank.jpg,0,68,1,0,3,"[9, 19, 31, 45, 56, 68, 69, 70, 71]"
images/blank.jpg,0,69,1,0,3,"[9, 19, 31, 45, 56, 68, 69, 70, 71]"
images/blank.jpg,0,70,1,0,3,"[9, 19, 31, 45, 56, 68, 69, 70, 71]"
images/blank.jpg,0,71,1,1,3,"[9, 19, 31, 45, 56, 68, 69, 70, 71]"
images/image_657_seed_1.png,0,0,0,0,4,"[9, 19, 29, 39, 49, 59, 68, 69, 70, 71]"
images/image_36_seed_1.png,0,1,0,0,4,"[9, 19, 29, 39, 49, 59, 68, 69, 70, 71]"
images/image_597_seed_1.png,1,2,0,0,4,"[9, 19, 29, 39, 49, 59, 68, 69, 70, 71]"
images/image_426_seed_1.png,1,3,0,0,4,"[9, 19, 29, 39, 49, 59, 68, 69, 70, 71]"
images/image_508_seed_1.png,1,4,0,0,4,"[9, 19, 29, 39, 49, 59, 68, 69, 70, 71]"
images/image_127_seed_1.png,0,5,0,0,4,"[9, 19, 29, 39, 49, 59, 68, 69, 70, 71]"
images/image_306_seed_1.png,0,6,0,0,4,"[9, 19, 29, 39, 49, 59, 68, 69, 70, 71]"
images/image_40_seed_1.png,0,7,0,0,4,"[9, 19, 29, 39, 49, 59, 68, 69, 70, 71]"
images/image_444_seed_1.png,0,8,0,0,4,"[9, 19, 29, 39, 49, 59, 68, 69, 70, 71]"
images/blank.jpg,0,9,1,0,4,"[9, 19, 29, 39, 49, 59, 68, 69, 70, 71]"
images/image_4_seed_1.png,0,10,0,0,4,"[9, 19, 29, 39, 49, 59, 68, 69, 70, 71]"
images/image_228_seed_1.png,0,11,0,0,4,"[9, 19, 29, 39, 49, 59, 68, 69, 70, 71]"
images/image_420_seed_1.png,1,12,0,0,4,"[9, 19, 29, 39, 49, 59, 68, 69, 70, 71]"
images/image_689_seed_1.png,0,13,0,0,4,"[9, 19, 29, 39, 49, 59, 68, 69, 70, 71]"
images/image_68_seed_1.png,0,14,0,0,4,"[9, 19, 29, 39, 49, 59, 68, 69, 70, 71]"
images/image_636_seed_1.png,0,15,0,0,4,"[9, 19, 29, 39, 49, 59, 68, 69, 70, 71]"
images/image_257_seed_1.png,0,16,0,0,4,"[9, 19, 29, 39, 49, 59, 68, 69, 70, 71]"
images/image_363_seed_1.png,1,17,0,0,4,"[9, 19, 29, 39, 49, 59, 68, 69, 70, 71]"
images/image_257_seed_1.png,1,18,0,0,4,"[9, 19, 29, 39, 49, 59, 68, 69, 70, 71]"
images/blank.jpg,0,19,1,0,4,"[9, 19, 29, 39, 49, 59, 68, 69, 70, 71]"
images/image_34_seed_1.png,1,20,0,0,4,"[9, 19, 29, 39, 49, 59, 68, 69, 70, 71]"
images/image_18_seed_1.png,0,21,0,0,4,"[9, 19, 29, 39, 49, 59, 68, 69, 70, 71]"
images/image_684_seed_1.png,0,22,0,0,4,"[9, 19, 29, 39, 49, 59, 68, 69, 70, 71]"
images/image_632_seed_1.png,1,23,0,0,4,"[9, 19, 29, 39, 49, 59, 68, 69, 70, 71]"
images/image_608_seed_1.png,0,24,0,0,4,"[9, 19, 29, 39, 49, 59, 68, 69, 70, 71]"
images/image_366_seed_1.png,0,25,0,0,4,"[9, 19, 29, 39, 49, 59, 68, 69, 70, 71]"
images/image_590_seed_1.png,0,26,0,0,4,"[9, 19, 29, 39, 49, 59, 68, 69, 70, 71]"
images/image_150_seed_1.png,1,27,0,0,4,"[9, 19, 29, 39, 49, 59, 68, 69, 70, 71]"
images/image_87_seed_1.png,1,28,0,0,4,"[9, 19, 29, 39, 49, 59, 68, 69, 70, 71]"
images/blank.jpg,0,29,1,0,4,"[9, 19, 29, 39, 49, 59, 68, 69, 70, 71]"
images/image_335_seed_1.png,0,30,0,0,4,"[9, 19, 29, 39, 49, 59, 68, 69, 70, 71]"
images/image_230_seed_1.png,1,31,0,0,4,"[9, 19, 29, 39, 49, 59, 68, 69, 70, 71]"
images/image_734_seed_1.png,0,32,0,0,4,"[9, 19, 29, 39, 49, 59, 68, 69, 70, 71]"
images/image_246_seed_1.png,0,33,0,0,4,"[9, 19, 29, 39, 49, 59, 68, 69, 70, 71]"
images/image_723_seed_1.png,0,34,0,0,4,"[9, 19, 29, 39, 49, 59, 68, 69, 70, 71]"
images/image_41_seed_1.png,0,35,0,0,4,"[9, 19, 29, 39, 49, 59, 68, 69, 70, 71]"
images/image_289_seed_1.png,0,36,0,0,4,"[9, 19, 29, 39, 49, 59, 68, 69, 70, 71]"
images/image_0_seed_1.png,1,37,0,0,4,"[9, 19, 29, 39, 49, 59, 68, 69, 70, 71]"
images/image_344_seed_1.png,0,38,0,0,4,"[9, 19, 29, 39, 49, 59, 68, 69, 70, 71]"
images/blank.jpg,0,39,1,0,4,"[9, 19, 29, 39, 49, 59, 68, 69, 70, 71]"
images/image_370_seed_1.png,0,40,0,0,4,"[9, 19, 29, 39, 49, 59, 68, 69, 70, 71]"
images/image_633_seed_1.png,0,41,0,0,4,"[9, 19, 29, 39, 49, 59, 68, 69, 70, 71]"
images/image_452_seed_1.png,1,42,0,0,4,"[9, 19, 29, 39, 49, 59, 68, 69, 70, 71]"
images/image_370_seed_1.png,1,43,0,0,4,"[9, 19, 29, 39, 49, 59, 68, 69, 70, 71]"
images/image_260_seed_1.png,0,44,0,0,4,"[9, 19, 29, 39, 49, 59, 68, 69, 70, 71]"
images/image_674_seed_1.png,0,45,0,0,4,"[9, 19, 29, 39, 49, 59, 68, 69, 70, 71]"
images/fmriraw_coreset_750_seed_1.pkl,0,46,0,0,4,"[9, 19, 29, 39, 49, 59, 68, 69, 70, 71]"
images/image_358_seed_1.png,1,47,0,0,4,"[9, 19, 29, 39, 49, 59, 68, 69, 70, 71]"
images/image_38_seed_1.png,0,48,0,0,4,"[9, 19, 29, 39, 49, 59, 68, 69, 70, 71]"
images/blank.jpg,0,49,1,0,4,"[9, 19, 29, 39, 49, 59, 68, 69, 70, 71]"
images/image_737_seed_1.png,0,50,0,0,4,"[9, 19, 29, 39, 49, 59, 68, 69, 70, 71]"
images/image_539_seed_1.png,0,51,0,0,4,"[9, 19, 29, 39, 49, 59, 68, 69, 70, 71]"
images/image_214_seed_1.png,0,52,0,0,4,"[9, 19, 29, 39, 49, 59, 68, 69, 70, 71]"
images/image_439_seed_1.png,0,53,0,0,4,"[9, 19, 29, 39, 49, 59, 68, 69, 70, 71]"
images/image_377_seed_1.png,0,54,0,0,4,"[9, 19, 29, 39, 49, 59, 68, 69, 70, 71]"
images/image_275_seed_1.png,0,55,0,0,4,"[9, 19, 29, 39, 49, 59, 68, 69, 70, 71]"
images/image_637_seed_1.png,1,56,0,0,4,"[9, 19, 29, 39, 49, 59, 68, 69, 70, 71]"
images/image_685_seed_1.png,1,57,0,0,4,"[9, 19, 29, 39, 49, 59, 68, 69, 70, 71]"
images/image_98_seed_1.png,0,58,0,0,4,"[9, 19, 29, 39, 49, 59, 68, 69, 70, 71]"
images/blank.jpg,0,59,1,0,4,"[9, 19, 29, 39, 49, 59, 68, 69, 70, 71]"
images/image_393_seed_1.png,0,60,0,0,4,"[9, 19, 29, 39, 49, 59, 68, 69, 70, 71]"
images/image_652_seed_1.png,1,61,0,0,4,"[9, 19, 29, 39, 49, 59, 68, 69, 70, 71]"
images/image_732_seed_1.png,1,62,0,0,4,"[9, 19, 29, 39, 49, 59, 68, 69, 70, 71]"
images/image_367_seed_1.png,1,63,0,0,4,"[9, 19, 29, 39, 49, 59, 68, 69, 70, 71]"
images/image_263_seed_1.png,0,64,0,0,4,"[9, 19, 29, 39, 49, 59, 68, 69, 70, 71]"
images/image_326_seed_1.png,1,65,0,0,4,"[9, 19, 29, 39, 49, 59, 68, 69, 70, 71]"
images/image_491_seed_1.png,0,66,0,0,4,"[9, 19, 29, 39, 49, 59, 68, 69, 70, 71]"
images/image_578_seed_1.png,0,67,0,0,4,"[9, 19, 29, 39, 49, 59, 68, 69, 70, 71]"
images/blank.jpg,0,68,1,0,4,"[9, 19, 29, 39, 49, 59, 68, 69, 70, 71]"
images/blank.jpg,0,69,1,0,4,"[9, 19, 29, 39, 49, 59, 68, 69, 70, 71]"
images/blank.jpg,0,70,1,0,4,"[9, 19, 29, 39, 49, 59, 68, 69, 70, 71]"
images/blank.jpg,0,71,1,1,4,"[9, 19, 29, 39, 49, 59, 68, 69, 70, 71]"
images/image_100_seed_1.png,1,0,0,0,5,"[9, 20, 30, 44, 56, 68, 69, 70, 71]"
images/image_119_seed_1.png,1,1,0,0,5,"[9, 20, 30, 44, 56, 68, 69, 70, 71]"
images/image_467_seed_1.png,0,2,0,0,5,"[9, 20, 30, 44, 56, 68, 69, 70, 71]"
images/image_232_seed_1.png,0,3,0,0,5,"[9, 20, 30, 44, 56, 68, 69, 70, 71]"
images/image_738_seed_1.png,1,4,0,0,5,"[9, 20, 30, 44, 56, 68, 69, 70, 71]"
images/image_227_seed_1.png,0,5,0,0,5,"[9, 20, 30, 44, 56, 68, 69, 70, 71]"
images/image_306_seed_1.png,1,6,0,0,5,"[9, 20, 30, 44, 56, 68, 69, 70, 71]"
images/image_407_seed_1.png,1,7,0,0,5,"[9, 20, 30, 44, 56, 68, 69, 70, 71]"
images/image_343_seed_1.png,0,8,0,0,5,"[9, 20, 30, 44, 56, 68, 69, 70, 71]"
images/blank.jpg,0,9,1,0,5,"[9, 20, 30, 44, 56, 68, 69, 70, 71]"
images/image_176_seed_1.png,0,10,0,0,5,"[9, 20, 30, 44, 56, 68, 69, 70, 71]"
images/image_140_seed_1.png,0,11,0,0,5,"[9, 20, 30, 44, 56, 68, 69, 70, 71]"
images/image_498_seed_1.png,0,12,0,0,5,"[9, 20, 30, 44, 56, 68, 69, 70, 71]"
images/image_256_seed_1.png,0,13,0,0,5,"[9, 20, 30, 44, 56, 68, 69, 70, 71]"
images/image_595_seed_1.png,0,14,0,0,5,"[9, 20, 30, 44, 56, 68, 69, 70, 71]"
images/image_185_seed_1.png,1,15,0,0,5,"[9, 20, 30, 44, 56, 68, 69, 70, 71]"
images/image_573_seed_1.png,0,16,0,0,5,"[9, 20, 30, 44, 56, 68, 69, 70, 71]"
images/image_139_seed_1.png,0,17,0,0,5,"[9, 20, 30, 44, 56, 68, 69, 70, 71]"
images/image_629_seed_1.png,0,18,0,0,5,"[9, 20, 30, 44, 56, 68, 69, 70, 71]"
images/image_537_seed_1.png,1,19,0,0,5,"[9, 20, 30, 44, 56, 68, 69, 70, 71]"
images/blank.jpg,0,20,1,0,5,"[9, 20, 30, 44, 56, 68, 69, 70, 71]"
images/image_526_seed_1.png,0,21,0,0,5,"[9, 20, 30, 44, 56, 68, 69, 70, 71]"
images/image_138_seed_1.png,0,22,0,0,5,"[9, 20, 30, 44, 56, 68, 69, 70, 71]"
images/image_634_seed_1.png,0,23,0,0,5,"[9, 20, 30, 44, 56, 68, 69, 70, 71]"
images/image_609_seed_1.png,0,24,0,0,5,"[9, 20, 30, 44, 56, 68, 69, 70, 71]"
images/image_57_seed_1.png,0,25,0,0,5,"[9, 20, 30, 44, 56, 68, 69, 70, 71]"
images/image_592_seed_1.png,1,26,0,0,5,"[9, 20, 30, 44, 56, 68, 69, 70, 71]"
images/image_30_seed_1.png,1,27,0,0,5,"[9, 20, 30, 44, 56, 68, 69, 70, 71]"
images/image_391_seed_1.png,0,28,0,0,5,"[9, 20, 30, 44, 56, 68, 69, 70, 71]"
images/image_722_seed_1.png,0,29,0,0,5,"[9, 20, 30, 44, 56, 68, 69, 70, 71]"
images/blank.jpg,0,30,1,0,5,"[9, 20, 30, 44, 56, 68, 69, 70, 71]"
images/image_121_seed_1.png,0,31,0,0,5,"[9, 20, 30, 44, 56, 68, 69, 70, 71]"
images/image_629_seed_1.png,1,32,0,0,5,"[9, 20, 30, 44, 56, 68, 69, 70, 71]"
images/image_604_seed_1.png,1,33,0,0,5,"[9, 20, 30, 44, 56, 68, 69, 70, 71]"
images/image_554_seed_1.png,0,34,0,0,5,"[9, 20, 30, 44, 56, 68, 69, 70, 71]"
images/image_94_seed_1.png,0,35,0,0,5,"[9, 20, 30, 44, 56, 68, 69, 70, 71]"
images/image_112_seed_1.png,0,36,0,0,5,"[9, 20, 30, 44, 56, 68, 69, 70, 71]"
images/image_383_seed_1.png,0,37,0,0,5,"[9, 20, 30, 44, 56, 68, 69, 70, 71]"
images/image_166_seed_1.png,0,38,0,0,5,"[9, 20, 30, 44, 56, 68, 69, 70, 71]"
images/image_245_seed_1.png,0,39,0,0,5,"[9, 20, 30, 44, 56, 68, 69, 70, 71]"
images/image_327_seed_1.png,0,40,0,0,5,"[9, 20, 30, 44, 56, 68, 69, 70, 71]"
images/image_172_seed_1.png,0,41,0,0,5,"[9, 20, 30, 44, 56, 68, 69, 70, 71]"
images/image_118_seed_1.png,1,42,0,0,5,"[9, 20, 30, 44, 56, 68, 69, 70, 71]"
images/image_591_seed_1.png,0,43,0,0,5,"[9, 20, 30, 44, 56, 68, 69, 70, 71]"
images/blank.jpg,0,44,1,0,5,"[9, 20, 30, 44, 56, 68, 69, 70, 71]"
images/image_63_seed_1.png,1,45,0,0,5,"[9, 20, 30, 44, 56, 68, 69, 70, 71]"
images/image_267_seed_1.png,0,46,0,0,5,"[9, 20, 30, 44, 56, 68, 69, 70, 71]"
images/image_639_seed_1.png,1,47,0,0,5,"[9, 20, 30, 44, 56, 68, 69, 70, 71]"
images/image_413_seed_1.png,0,48,0,0,5,"[9, 20, 30, 44, 56, 68, 69, 70, 71]"
images/image_572_seed_1.png,0,49,0,0,5,"[9, 20, 30, 44, 56, 68, 69, 70, 71]"
images/image_254_seed_1.png,0,50,0,0,5,"[9, 20, 30, 44, 56, 68, 69, 70, 71]"
images/image_562_seed_1.png,0,51,0,0,5,"[9, 20, 30, 44, 56, 68, 69, 70, 71]"
images/image_660_seed_1.png,1,52,0,0,5,"[9, 20, 30, 44, 56, 68, 69, 70, 71]"
images/image_522_seed_1.png,1,53,0,0,5,"[9, 20, 30, 44, 56, 68, 69, 70, 71]"
images/image_405_seed_1.png,1,54,0,0,5,"[9, 20, 30, 44, 56, 68, 69, 70, 71]"
images/image_278_seed_1.png,0,55,0,0,5,"[9, 20, 30, 44, 56, 68, 69, 70, 71]"
images/blank.jpg,0,56,1,0,5,"[9, 20, 30, 44, 56, 68, 69, 70, 71]"
images/image_734_seed_1.png,1,57,0,0,5,"[9, 20, 30, 44, 56, 68, 69, 70, 71]"
images/image_741_seed_1.png,1,58,0,0,5,"[9, 20, 30, 44, 56, 68, 69, 70, 71]"
images/image_153_seed_1.png,0,59,0,0,5,"[9, 20, 30, 44, 56, 68, 69, 70, 71]"
images/image_568_seed_1.png,1,60,0,0,5,"[9, 20, 30, 44, 56, 68, 69, 70, 71]"
images/image_242_seed_1.png,0,61,0,0,5,"[9, 20, 30, 44, 56, 68, 69, 70, 71]"
images/image_340_seed_1.png,0,62,0,0,5,"[9, 20, 30, 44, 56, 68, 69, 70, 71]"
images/image_376_seed_1.png,0,63,0,0,5,"[9, 20, 30, 44, 56, 68, 69, 70, 71]"
images/image_376_seed_1.png,1,64,0,0,5,"[9, 20, 30, 44, 56, 68, 69, 70, 71]"
images/image_447_seed_1.png,0,65,0,0,5,"[9, 20, 30, 44, 56, 68, 69, 70, 71]"
images/image_357_seed_1.png,0,66,0,0,5,"[9, 20, 30, 44, 56, 68, 69, 70, 71]"
images/image_77_seed_1.png,1,67,0,0,5,"[9, 20, 30, 44, 56, 68, 69, 70, 71]"
images/blank.jpg,0,68,1,0,5,"[9, 20, 30, 44, 56, 68, 69, 70, 71]"
images/blank.jpg,0,69,1,0,5,"[9, 20, 30, 44, 56, 68, 69, 70, 71]"
images/blank.jpg,0,70,1,0,5,"[9, 20, 30, 44, 56, 68, 69, 70, 71]"
images/blank.jpg,0,71,1,1,5,"[9, 20, 30, 44, 56, 68, 69, 70, 71]"
images/image_570_seed_1.png,0,0,0,0,6,"[9, 19, 29, 39, 49, 59, 68, 69, 70, 71]"
images/image_264_seed_1.png,0,1,0,0,6,"[9, 19, 29, 39, 49, 59, 68, 69, 70, 71]"
images/image_731_seed_1.png,0,2,0,0,6,"[9, 19, 29, 39, 49, 59, 68, 69, 70, 71]"
images/image_733_seed_1.png,1,3,0,0,6,"[9, 19, 29, 39, 49, 59, 68, 69, 70, 71]"
images/image_151_seed_1.png,0,4,0,0,6,"[9, 19, 29, 39, 49, 59, 68, 69, 70, 71]"
images/image_57_seed_1.png,1,5,0,0,6,"[9, 19, 29, 39, 49, 59, 68, 69, 70, 71]"
images/image_71_seed_1.png,0,6,0,0,6,"[9, 19, 29, 39, 49, 59, 68, 69, 70, 71]"
images/image_304_seed_1.png,0,7,0,0,6,"[9, 19, 29, 39, 49, 59, 68, 69, 70, 71]"
images/image_219_seed_1.png,0,8,0,0,6,"[9, 19, 29, 39, 49, 59, 68, 69, 70, 71]"
images/blank.jpg,0,9,1,0,6,"[9, 19, 29, 39, 49, 59, 68, 69, 70, 71]"
images/image_276_seed_1.png,1,10,0,0,6,"[9, 19, 29, 39, 49, 59, 68, 69, 70, 71]"
images/image_745_seed_1.png,1,11,0,0,6,"[9, 19, 29, 39, 49, 59, 68, 69, 70, 71]"
images/image_356_seed_1.png,0,12,0,0,6,"[9, 19, 29, 39, 49, 59, 68, 69, 70, 71]"
images/image_123_seed_1.png,0,13,0,0,6,"[9, 19, 29, 39, 49, 59, 68, 69, 70, 71]"
images/image_526_seed_1.png,1,14,0,0,6,"[9, 19, 29, 39, 49, 59, 68, 69, 70, 71]"
images/image_269_seed_1.png,1,15,0,0,6,"[9, 19, 29, 39, 49, 59, 68, 69, 70, 71]"
images/image_18_seed_1.png,1,16,0,0,6,"[9, 19, 29, 39, 49, 59, 68, 69, 70, 71]"
images/image_249_seed_1.png,0,17,0,0,6,"[9, 19, 29, 39, 49, 59, 68, 69, 70, 71]"
images/image_123_seed_1.png,1,18,0,0,6,"[9, 19, 29, 39, 49, 59, 68, 69, 70, 71]"
images/blank.jpg,0,19,1,0,6,"[9, 19, 29, 39, 49, 59, 68, 69, 70, 71]"
images/image_392_seed_1.png,0,20,0,0,6,"[9, 19, 29, 39, 49, 59, 68, 69, 70, 71]"
images/image_321_seed_1.png,0,21,0,0,6,"[9, 19, 29, 39, 49, 59, 68, 69, 70, 71]"
images/image_667_seed_1.png,0,22,0,0,6,"[9, 19, 29, 39, 49, 59, 68, 69, 70, 71]"
images/image_622_seed_1.png,1,23,0,0,6,"[9, 19, 29, 39, 49, 59, 68, 69, 70, 71]"
images/image_609_seed_1.png,1,24,0,0,6,"[9, 19, 29, 39, 49, 59, 68, 69, 70, 71]"
images/image_397_seed_1.png,0,25,0,0,6,"[9, 19, 29, 39, 49, 59, 68, 69, 70, 71]"
images/image_409_seed_1.png,1,26,0,0,6,"[9, 19, 29, 39, 49, 59, 68, 69, 70, 71]"
images/image_653_seed_1.png,0,27,0,0,6,"[9, 19, 29, 39, 49, 59, 68, 69, 70, 71]"
images/image_9_seed_1.png,0,28,0,0,6,"[9, 19, 29, 39, 49, 59, 68, 69, 70, 71]"
images/blank.jpg,0,29,1,0,6,"[9, 19, 29, 39, 49, 59, 68, 69, 70, 71]"
images/image_252_seed_1.png,0,30,0,0,6,"[9, 19, 29, 39, 49, 59, 68, 69, 70, 71]"
images/image_369_seed_1.png,1,31,0,0,6,"[9, 19, 29, 39, 49, 59, 68, 69, 70, 71]"
images/image_556_seed_1.png,0,32,0,0,6,"[9, 19, 29, 39, 49, 59, 68, 69, 70, 71]"
images/image_691_seed_1.png,1,33,0,0,6,"[9, 19, 29, 39, 49, 59, 68, 69, 70, 71]"
images/image_327_seed_1.png,1,34,0,0,6,"[9, 19, 29, 39, 49, 59, 68, 69, 70, 71]"
images/image_481_seed_1.png,0,35,0,0,6,"[9, 19, 29, 39, 49, 59, 68, 69, 70, 71]"
images/image_677_seed_1.png,0,36,0,0,6,"[9, 19, 29, 39, 49, 59, 68, 69, 70, 71]"
images/image_277_seed_1.png,0,37,0,0,6,"[9, 19, 29, 39, 49, 59, 68, 69, 70, 71]"
images/image_447_seed_1.png,1,38,0,0,6,"[9, 19, 29, 39, 49, 59, 68, 69, 70, 71]"
images/blank.jpg,0,39,1,0,6,"[9, 19, 29, 39, 49, 59, 68, 69, 70, 71]"
images/image_657_seed_1.png,1,40,0,0,6,"[9, 19, 29, 39, 49, 59, 68, 69, 70, 71]"
images/image_666_seed_1.png,0,41,0,0,6,"[9, 19, 29, 39, 49, 59, 68, 69, 70, 71]"
images/image_238_seed_1.png,0,42,0,0,6,"[9, 19, 29, 39, 49, 59, 68, 69, 70, 71]"
images/image_197_seed_1.png,0,43,0,0,6,"[9, 19, 29, 39, 49, 59, 68, 69, 70, 71]"
images/image_351_seed_1.png,0,44,0,0,6,"[9, 19, 29, 39, 49, 59, 68, 69, 70, 71]"
images/image_387_seed_1.png,1,45,0,0,6,"[9, 19, 29, 39, 49, 59, 68, 69, 70, 71]"
images/image_493_seed_1.png,1,46,0,0,6,"[9, 19, 29, 39, 49, 59, 68, 69, 70, 71]"
images/image_457_seed_1.png,0,47,0,0,6,"[9, 19, 29, 39, 49, 59, 68, 69, 70, 71]"
images/image_299_seed_1.png,0,48,0,0,6,"[9, 19, 29, 39, 49, 59, 68, 69, 70, 71]"
images/blank.jpg,0,49,1,0,6,"[9, 19, 29, 39, 49, 59, 68, 69, 70, 71]"
images/image_562_seed_1.png,1,50,0,0,6,"[9, 19, 29, 39, 49, 59, 68, 69, 70, 71]"
images/image_514_seed_1.png,0,51,0,0,6,"[9, 19, 29, 39, 49, 59, 68, 69, 70, 71]"
images/image_566_seed_1.png,0,52,0,0,6,"[9, 19, 29, 39, 49, 59, 68, 69, 70, 71]"
images/image_216_seed_1.png,0,53,0,0,6,"[9, 19, 29, 39, 49, 59, 68, 69, 70, 71]"
images/image_292_seed_1.png,0,54,0,0,6,"[9, 19, 29, 39, 49, 59, 68, 69, 70, 71]"
images/image_157_seed_1.png,1,55,0,0,6,"[9, 19, 29, 39, 49, 59, 68, 69, 70, 71]"
images/.DS_Store,0,56,0,0,6,"[9, 19, 29, 39, 49, 59, 68, 69, 70, 71]"
images/image_52_seed_1.png,0,57,0,0,6,"[9, 19, 29, 39, 49, 59, 68, 69, 70, 71]"
images/image_545_seed_1.png,0,58,0,0,6,"[9, 19, 29, 39, 49, 59, 68, 69, 70, 71]"
images/blank.jpg,0,59,1,0,6,"[9, 19, 29, 39, 49, 59, 68, 69, 70, 71]"
images/image_333_seed_1.png,0,60,0,0,6,"[9, 19, 29, 39, 49, 59, 68, 69, 70, 71]"
images/image_492_seed_1.png,0,61,0,0,6,"[9, 19, 29, 39, 49, 59, 68, 69, 70, 71]"
images/image_611_seed_1.png,0,62,0,0,6,"[9, 19, 29, 39, 49, 59, 68, 69, 70, 71]"
images/image_468_seed_1.png,0,63,0,0,6,"[9, 19, 29, 39, 49, 59, 68, 69, 70, 71]"
images/image_475_seed_1.png,0,64,0,0,6,"[9, 19, 29, 39, 49, 59, 68, 69, 70, 71]"
images/image_389_seed_1.png,0,65,0,0,6,"[9, 19, 29, 39, 49, 59, 68, 69, 70, 71]"
images/image_433_seed_1.png,1,66,0,0,6,"[9, 19, 29, 39, 49, 59, 68, 69, 70, 71]"
images/image_41_seed_1.png,1,67,0,0,6,"[9, 19, 29, 39, 49, 59, 68, 69, 70, 71]"
images/blank.jpg,0,68,1,0,6,"[9, 19, 29, 39, 49, 59, 68, 69, 70, 71]"
images/blank.jpg,0,69,1,0,6,"[9, 19, 29, 39, 49, 59, 68, 69, 70, 71]"
images/blank.jpg,0,70,1,0,6,"[9, 19, 29, 39, 49, 59, 68, 69, 70, 71]"
images/blank.jpg,0,71,1,1,6,"[9, 19, 29, 39, 49, 59, 68, 69, 70, 71]"
images/image_329_seed_1.png,0,0,0,0,7,"[13, 24, 36, 46, 56, 68, 69, 70, 71]"
images/image_278_seed_1.png,1,1,0,0,7,"[13, 24, 36, 46, 56, 68, 69, 70, 71]"
images/image_141_seed_1.png,0,2,0,0,7,"[13, 24, 36, 46, 56, 68, 69, 70, 71]"
images/image_151_seed_1.png,1,3,0,0,7,"[13, 24, 36, 46, 56, 68, 69, 70, 71]"
images/image_510_seed_1.png,0,4,0,0,7,"[13, 24, 36, 46, 56, 68, 69, 70, 71]"
images/image_534_seed_1.png,0,5,0,0,7,"[13, 24, 36, 46, 56, 68, 69, 70, 71]"
images/image_471_seed_1.png,1,6,0,0,7,"[13, 24, 36, 46, 56, 68, 69, 70, 71]"
images/image_70_seed_1.png,0,7,0,0,7,"[13, 24, 36, 46, 56, 68, 69, 70, 71]"
images/image_499_seed_1.png,1,8,0,0,7,"[13, 24, 36, 46, 56, 68, 69, 70, 71]"
images/image_506_seed_1.png,0,9,0,0,7,"[13, 24, 36, 46, 56, 68, 69, 70, 71]"
images/image_227_seed_1.png,1,10,0,0,7,"[13, 24, 36, 46, 56, 68, 69, 70, 71]"
images/image_350_seed_1.png,1,11,0,0,7,"[13, 24, 36, 46, 56, 68, 69, 70, 71]"
images/image_44_seed_1.png,0,12,0,0,7,"[13, 24, 36, 46, 56, 68, 69, 70, 71]"
images/blank.jpg,0,13,1,0,7,"[13, 24, 36, 46, 56, 68, 69, 70, 71]"
images/image_202_seed_1.png,0,14,0,0,7,"[13, 24, 36, 46, 56, 68, 69, 70, 71]"
images/image_469_seed_1.png,1,15,0,0,7,"[13, 24, 36, 46, 56, 68, 69, 70, 71]"
images/image_739_seed_1.png,0,16,0,0,7,"[13, 24, 36, 46, 56, 68, 69, 70, 71]"
images/image_605_seed_1.png,1,17,0,0,7,"[13, 24, 36, 46, 56, 68, 69, 70, 71]"
images/image_394_seed_1.png,0,18,0,0,7,"[13, 24, 36, 46, 56, 68, 69, 70, 71]"
images/image_580_seed_1.png,0,19,0,0,7,"[13, 24, 36, 46, 56, 68, 69, 70, 71]"
images/image_571_seed_1.png,0,20,0,0,7,"[13, 24, 36, 46, 56, 68, 69, 70, 71]"
images/image_270_seed_1.png,1,21,0,0,7,"[13, 24, 36, 46, 56, 68, 69, 70, 71]"
images/image_125_seed_1.png,0,22,0,0,7,"[13, 24, 36, 46, 56, 68, 69, 70, 71]"
images/image_566_seed_1.png,1,23,0,0,7,"[13, 24, 36, 46, 56, 68, 69, 70, 71]"
images/blank.jpg,0,24,1,0,7,"[13, 24, 36, 46, 56, 68, 69, 70, 71]"
images/image_748_seed_1.png,0,25,0,0,7,"[13, 24, 36, 46, 56, 68, 69, 70, 71]"
images/image_236_seed_1.png,0,26,0,0,7,"[13, 24, 36, 46, 56, 68, 69, 70, 71]"
images/fmriraw_coreset_750_seed_1.pkl,1,27,0,0,7,"[13, 24, 36, 46, 56, 68, 69, 70, 71]"
images/image_219_seed_1.png,1,28,0,0,7,"[13, 24, 36, 46, 56, 68, 69, 70, 71]"
images/image_459_seed_1.png,0,29,0,0,7,"[13, 24, 36, 46, 56, 68, 69, 70, 71]"
images/image_633_seed_1.png,1,30,0,0,7,"[13, 24, 36, 46, 56, 68, 69, 70, 71]"
images/image_324_seed_1.png,0,31,0,0,7,"[13, 24, 36, 46, 56, 68, 69, 70, 71]"
images/image_614_seed_1.png,0,32,0,0,7,"[13, 24, 36, 46, 56, 68, 69, 70, 71]"
images/image_373_seed_1.png,0,33,0,0,7,"[13, 24, 36, 46, 56, 68, 69, 70, 71]"
images/image_293_seed_1.png,0,34,0,0,7,"[13, 24, 36, 46, 56, 68, 69, 70, 71]"
images/image_388_seed_1.png,0,35,0,0,7,"[13, 24, 36, 46, 56, 68, 69, 70, 71]"
images/blank.jpg,0,36,1,0,7,"[13, 24, 36, 46, 56, 68, 69, 70, 71]"
images/image_113_seed_1.png,0,37,0,0,7,"[13, 24, 36, 46, 56, 68, 69, 70, 71]"
images/image_315_seed_1.png,0,38,0,0,7,"[13, 24, 36, 46, 56, 68, 69, 70, 71]"
images/image_307_seed_1.png,0,39,0,0,7,"[13, 24, 36, 46, 56, 68, 69, 70, 71]"
images/image_112_seed_1.png,1,40,0,0,7,"[13, 24, 36, 46, 56, 68, 69, 70, 71]"
images/image_415_seed_1.png,0,41,0,0,7,"[13, 24, 36, 46, 56, 68, 69, 70, 71]"
images/image_110_seed_1.png,0,42,0,0,7,"[13, 24, 36, 46, 56, 68, 69, 70, 71]"
images/image_292_seed_1.png,1,43,0,0,7,"[13, 24, 36, 46, 56, 68, 69, 70, 71]"
images/image_477_seed_1.png,0,44,0,0,7,"[13, 24, 36, 46, 56, 68, 69, 70, 71]"
images/image_389_seed_1.png,1,45,0,0,7,"[13, 24, 36, 46, 56, 68, 69, 70, 71]"
images/blank.jpg,0,46,1,0,7,"[13, 24, 36, 46, 56, 68, 69, 70, 71]"
images/image_131_seed_1.png,0,47,0,0,7,"[13, 24, 36, 46, 56, 68, 69, 70, 71]"
images/image_23_seed_1.png,0,48,0,0,7,"[13, 24, 36, 46, 56, 68, 69, 70, 71]"
images/image_382_seed_1.png,0,49,0,0,7,"[13, 24, 36, 46, 56, 68, 69, 70, 71]"
images/image_225_seed_1.png,1,50,0,0,7,"[13, 24, 36, 46, 56, 68, 69, 70, 71]"
images/image_724_seed_1.png,0,51,0,0,7,"[13, 24, 36, 46, 56, 68, 69, 70, 71]"
images/image_492_seed_1.png,1,52,0,0,7,"[13, 24, 36, 46, 56, 68, 69, 70, 71]"
images/image_333_seed_1.png,1,53,0,0,7,"[13, 24, 36, 46, 56, 68, 69, 70, 71]"
images/image_458_seed_1.png,0,54,0,0,7,"[13, 24, 36, 46, 56, 68, 69, 70, 71]"
images/image_194_seed_1.png,0,55,0,0,7,"[13, 24, 36, 46, 56, 68, 69, 70, 71]"
images/blank.jpg,0,56,1,0,7,"[13, 24, 36, 46, 56, 68, 69, 70, 71]"
images/image_621_seed_1.png,0,57,0,0,7,"[13, 24, 36, 46, 56, 68, 69, 70, 71]"
images/image_498_seed_1.png,1,58,0,0,7,"[13, 24, 36, 46, 56, 68, 69, 70, 71]"
images/image_196_seed_1.png,0,59,0,0,7,"[13, 24, 36, 46, 56, 68, 69, 70, 71]"
images/image_613_seed_1.png,0,60,0,0,7,"[13, 24, 36, 46, 56, 68, 69, 70, 71]"
images/image_79_seed_1.png,1,61,0,0,7,"[13, 24, 36, 46, 56, 68, 69, 70, 71]"
images/image_608_seed_1.png,1,62,0,0,7,"[13, 24, 36, 46, 56, 68, 69, 70, 71]"
images/image_311_seed_1.png,0,63,0,0,7,"[13, 24, 36, 46, 56, 68, 69, 70, 71]"
images/image_137_seed_1.png,0,64,0,0,7,"[13, 24, 36, 46, 56, 68, 69, 70, 71]"
images/image_507_seed_1.png,0,65,0,0,7,"[13, 24, 36, 46, 56, 68, 69, 70, 71]"
images/image_684_seed_1.png,1,66,0,0,7,"[13, 24, 36, 46, 56, 68, 69, 70, 71]"
images/image_677_seed_1.png,1,67,0,0,7,"[13, 24, 36, 46, 56, 68, 69, 70, 71]"
images/blank.jpg,0,68,1,0,7,"[13, 24, 36, 46, 56, 68, 69, 70, 71]"
images/blank.jpg,0,69,1,0,7,"[13, 24, 36, 46, 56, 68, 69, 70, 71]"
images/blank.jpg,0,70,1,0,7,"[13, 24, 36, 46, 56, 68, 69, 70, 71]"
images/blank.jpg,0,71,1,1,7,"[13, 24, 36, 46, 56, 68, 69, 70, 71]"
images/image_581_seed_1.png,0,0,0,0,8,"[9, 19, 29, 39, 49, 59, 68, 69, 70, 71]"
images/image_372_seed_1.png,1,1,0,0,8,"[9, 19, 29, 39, 49, 59, 68, 69, 70, 71]"
images/image_551_seed_1.png,1,2,0,0,8,"[9, 19, 29, 39, 49, 59, 68, 69, 70, 71]"
images/image_301_seed_1.png,0,3,0,0,8,"[9, 19, 29, 39, 49, 59, 68, 69, 70, 71]"
images/image_475_seed_1.png,1,4,0,0,8,"[9, 19, 29, 39, 49, 59, 68, 69, 70, 71]"
images/image_235_seed_1.png,1,5,0,0,8,"[9, 19, 29, 39, 49, 59, 68, 69, 70, 71]"
images/image_623_seed_1.png,0,6,0,0,8,"[9, 19, 29, 39, 49, 59, 68, 69, 70, 71]"
images/image_456_seed_1.png,0,7,0,0,8,"[9, 19, 29, 39, 49, 59, 68, 69, 70, 71]"
images/image_260_seed_1.png,1,8,0,0,8,"[9, 19, 29, 39, 49, 59, 68, 69, 70, 71]"
images/blank.jpg,0,9,1,0,8,"[9, 19, 29, 39, 49, 59, 68, 69, 70, 71]"
images/image_599_seed_1.png,1,10,0,0,8,"[9, 19, 29, 39, 49, 59, 68, 69, 70, 71]"
images/image_301_seed_1.png,1,11,0,0,8,"[9, 19, 29, 39, 49, 59, 68, 69, 70, 71]"
images/image_183_seed_1.png,1,12,0,0,8,"[9, 19, 29, 39, 49, 59, 68, 69, 70, 71]"
images/image_152_seed_1.png,1,13,0,0,8,"[9, 19, 29, 39, 49, 59, 68, 69, 70, 71]"
images/image_672_seed_1.png,0,14,0,0,8,"[9, 19, 29, 39, 49, 59, 68, 69, 70, 71]"
images/image_411_seed_1.png,1,15,0,0,8,"[9, 19, 29, 39, 49, 59, 68, 69, 70, 71]"
images/image_726_seed_1.png,1,16,0,0,8,"[9, 19, 29, 39, 49, 59, 68, 69, 70, 71]"
images/image_33_seed_1.png,0,17,0,0,8,"[9, 19, 29, 39, 49, 59, 68, 69, 70, 71]"
images/image_226_seed_1.png,0,18,0,0,8,"[9, 19, 29, 39, 49, 59, 68, 69, 70, 71]"
images/blank.jpg,0,19,1,0,8,"[9, 19, 29, 39, 49, 59, 68, 69, 70, 71]"
images/image_517_seed_1.png,0,20,0,0,8,"[9, 19, 29, 39, 49, 59, 68, 69, 70, 71]"
images/image_351_seed_1.png,1,21,0,0,8,"[9, 19, 29, 39, 49, 59, 68, 69, 70, 71]"
images/image_417_seed_1.png,0,22,0,0,8,"[9, 19, 29, 39, 49, 59, 68, 69, 70, 71]"
images/image_378_seed_1.png,0,23,0,0,8,"[9, 19, 29, 39, 49, 59, 68, 69, 70, 71]"
images/image_136_seed_1.png,0,24,0,0,8,"[9, 19, 29, 39, 49, 59, 68, 69, 70, 71]"
images/image_29_seed_1.png,0,25,0,0,8,"[9, 19, 29, 39, 49, 59, 68, 69, 70, 71]"
images/image_578_seed_1.png,1,26,0,0,8,"[9, 19, 29, 39, 49, 59, 68, 69, 70, 71]"
images/image_238_seed_1.png,1,27,0,0,8,"[9, 19, 29, 39, 49, 59, 68, 69, 70, 71]"
images/image_477_seed_1.png,1,28,0,0,8,"[9, 19, 29, 39, 49, 59, 68, 69, 70, 71]"
images/blank.jpg,0,29,1,0,8,"[9, 19, 29, 39, 49, 59, 68, 69, 70, 71]"
images/image_706_seed_1.png,0,30,0,0,8,"[9, 19, 29, 39, 49, 59, 68, 69, 70, 71]"
images/image_220_seed_1.png,0,31,0,0,8,"[9, 19, 29, 39, 49, 59, 68, 69, 70, 71]"
images/image_595_seed_1.png,1,32,0,0,8,"[9, 19, 29, 39, 49, 59, 68, 69, 70, 71]"
images/image_713_seed_1.png,0,33,0,0,8,"[9, 19, 29, 39, 49, 59, 68, 69, 70, 71]"
images/image_264_seed_1.png,1,34,0,0,8,"[9, 19, 29, 39, 49, 59, 68, 69, 70, 71]"
images/image_187_seed_1.png,1,35,0,0,8,"[9, 19, 29, 39, 49, 59, 68, 69, 70, 71]"
images/image_398_seed_1.png,0,36,0,0,8,"[9, 19, 29, 39, 49, 59, 68, 69, 70, 71]"
images/image_746_seed_1.png,0,37,0,0,8,"[9, 19, 29, 39, 49, 59, 68, 69, 70, 71]"
images/image_464_seed_1.png,1,38,0,0,8,"[9, 19, 29, 39, 49, 59, 68, 69, 70, 71]"
images/blank.jpg,0,39,1,0,8,"[9, 19, 29, 39, 49, 59, 68, 69, 70, 71]"
images/image_419_seed_1.png,0,40,0,0,8,"[9, 19, 29, 39, 49, 59, 68, 69, 70, 71]"
images/image_33_seed_1.png,1,41,0,0,8,"[9, 19, 29, 39, 49, 59, 68, 69, 70, 71]"
images/image_15_seed_1.png,0,42,0,0,8,"[9, 19, 29, 39, 49, 59, 68, 69, 70, 71]"
images/image_615_seed_1.png,0,43,0,0,8,"[9, 19, 29, 39, 49, 59, 68, 69, 70, 71]"
images/image_60_seed_1.png,1,44,0,0,8,"[9, 19, 29, 39, 49, 59, 68, 69, 70, 71]"
images/image_335_seed_1.png,1,45,0,0,8,"[9, 19, 29, 39, 49, 59, 68, 69, 70, 71]"
images/image_73_seed_1.png,0,46,0,0,8,"[9, 19, 29, 39, 49, 59, 68, 69, 70, 71]"
images/image_149_seed_1.png,1,47,0,0,8,"[9, 19, 29, 39, 49, 59, 68, 69, 70, 71]"
images/image_234_seed_1.png,1,48,0,0,8,"[9, 19, 29, 39, 49, 59, 68, 69, 70, 71]"
images/blank.jpg,0,49,1,0,8,"[9, 19, 29, 39, 49, 59, 68, 69, 70, 71]"
images/image_168_seed_1.png,0,50,0,0,8,"[9, 19, 29, 39, 49, 59, 68, 69, 70, 71]"
images/image_58_seed_1.png,0,51,0,0,8,"[9, 19, 29, 39, 49, 59, 68, 69, 70, 71]"
images/image_466_seed_1.png,0,52,0,0,8,"[9, 19, 29, 39, 49, 59, 68, 69, 70, 71]"
images/image_344_seed_1.png,1,53,0,0,8,"[9, 19, 29, 39, 49, 59, 68, 69, 70, 71]"
images/image_347_seed_1.png,0,54,0,0,8,"[9, 19, 29, 39, 49, 59, 68, 69, 70, 71]"
images/image_110_seed_1.png,1,55,0,0,8,"[9, 19, 29, 39, 49, 59, 68, 69, 70, 71]"
images/image_349_seed_1.png,0,56,0,0,8,"[9, 19, 29, 39, 49, 59, 68, 69, 70, 71]"
images/image_427_seed_1.png,0,57,0,0,8,"[9, 19, 29, 39, 49, 59, 68, 69, 70, 71]"
images/image_303_seed_1.png,1,58,0,0,8,"[9, 19, 29, 39, 49, 59, 68, 69, 70, 71]"
images/blank.jpg,0,59,1,0,8,"[9, 19, 29, 39, 49, 59, 68, 69, 70, 71]"
images/image_253_seed_1.png,0,60,0,0,8,"[9, 19, 29, 39, 49, 59, 68, 69, 70, 71]"
images/image_240_seed_1.png,0,61,0,0,8,"[9, 19, 29, 39, 49, 59, 68, 69, 70, 71]"
images/image_473_seed_1.png,0,62,0,0,8,"[9, 19, 29, 39, 49, 59, 68, 69, 70, 71]"
images/image_667_seed_1.png,1,63,0,0,8,"[9, 19, 29, 39, 49, 59, 68, 69, 70, 71]"
images/image_331_seed_1.png,0,64,0,0,8,"[9, 19, 29, 39, 49, 59, 68, 69, 70, 71]"
images/image_466_seed_1.png,1,65,0,0,8,"[9, 19, 29, 39, 49, 59, 68, 69, 70, 71]"
images/image_382_seed_1.png,1,66,0,0,8,"[9, 19, 29, 39, 49, 59, 68, 69, 70, 71]"
images/image_703_seed_1.png,1,67,0,0,8,"[9, 19, 29, 39, 49, 59, 68, 69, 70, 71]"
images/blank.jpg,0,68,1,0,8,"[9, 19, 29, 39, 49, 59, 68, 69, 70, 71]"
images/blank.jpg,0,69,1,0,8,"[9, 19, 29, 39, 49, 59, 68, 69, 70, 71]"
images/blank.jpg,0,70,1,0,8,"[9, 19, 29, 39, 49, 59, 68, 69, 70, 71]"
images/blank.jpg,0,71,1,1,8,"[9, 19, 29, 39, 49, 59, 68, 69, 70, 71]"
images/image_242_seed_1.png,1,0,0,0,9,"[9, 19, 33, 44, 56, 68, 69, 70, 71]"
images/image_109_seed_1.png,0,1,0,0,9,"[9, 19, 33, 44, 56, 68, 69, 70, 71]"
images/.DS_Store,1,2,0,0,9,"[9, 19, 33, 44, 56, 68, 69, 70, 71]"
images/image_539_seed_1.png,1,3,0,0,9,"[9, 19, 33, 44, 56, 68, 69, 70, 71]"
images/image_651_seed_1.png,0,4,0,0,9,"[9, 19, 33, 44, 56, 68, 69, 70, 71]"
images/image_232_seed_1.png,1,5,0,0,9,"[9, 19, 33, 44, 56, 68, 69, 70, 71]"
images/image_748_seed_1.png,1,6,0,0,9,"[9, 19, 33, 44, 56, 68, 69, 70, 71]"
images/image_489_seed_1.png,0,7,0,0,9,"[9, 19, 33, 44, 56, 68, 69, 70, 71]"
images/image_663_seed_1.png,1,8,0,0,9,"[9, 19, 33, 44, 56, 68, 69, 70, 71]"
images/blank.jpg,0,9,1,0,9,"[9, 19, 33, 44, 56, 68, 69, 70, 71]"
images/image_570_seed_1.png,1,10,0,0,9,"[9, 19, 33, 44, 56, 68, 69, 70, 71]"
images/image_656_seed_1.png,1,11,0,0,9,"[9, 19, 33, 44, 56, 68, 69, 70, 71]"
images/image_614_seed_1.png,1,12,0,0,9,"[9, 19, 33, 44, 56, 68, 69, 70, 71]"
images/image_729_seed_1.png,1,13,0,0,9,"[9, 19, 33, 44, 56, 68, 69, 70, 71]"
images/image_95_seed_1.png,1,14,0,0,9,"[9, 19, 33, 44, 56, 68, 69, 70, 71]"
images/image_365_seed_1.png,1,15,0,0,9,"[9, 19, 33, 44, 56, 68, 69, 70, 71]"
images/image_462_seed_1.png,0,16,0,0,9,"[9, 19, 33, 44, 56, 68, 69, 70, 71]"
images/image_428_seed_1.png,1,17,0,0,9,"[9, 19, 33, 44, 56, 68, 69, 70, 71]"
images/image_607_seed_1.png,0,18,0,0,9,"[9, 19, 33, 44, 56, 68, 69, 70, 71]"
images/blank.jpg,0,19,1,0,9,"[9, 19, 33, 44, 56, 68, 69, 70, 71]"
images/image_68_seed_1.png,1,20,0,0,9,"[9, 19, 33, 44, 56, 68, 69, 70, 71]"
images/image_197_seed_1.png,1,21,0,0,9,"[9, 19, 33, 44, 56, 68, 69, 70, 71]"
images/image_606_seed_1.png,1,22,0,0,9,"[9, 19, 33, 44, 56, 68, 69, 70, 71]"
images/image_683_seed_1.png,0,23,0,0,9,"[9, 19, 33, 44, 56, 68, 69, 70, 71]"
images/image_696_seed_1.png,1,24,0,0,9,"[9, 19, 33, 44, 56, 68, 69, 70, 71]"
images/image_391_seed_1.png,1,25,0,0,9,"[9, 19, 33, 44, 56, 68, 69, 70, 71]"
images/image_39_seed_1.png,0,26,0,0,9,"[9, 19, 33, 44, 56, 68, 69, 70, 71]"
images/image_115_seed_1.png,1,27,0,0,9,"[9, 19, 33, 44, 56, 68, 69, 70, 71]"
images/image_679_seed_1.png,1,28,0,0,9,"[9, 19, 33, 44, 56, 68, 69, 70, 71]"
images/image_739_seed_1.png,1,29,0,0,9,"[9, 19, 33, 44, 56, 68, 69, 70, 71]"
images/image_403_seed_1.png,1,30,0,0,9,"[9, 19, 33, 44, 56, 68, 69, 70, 71]"
images/image_281_seed_1.png,0,31,0,0,9,"[9, 19, 33, 44, 56, 68, 69, 70, 71]"
images/image_384_seed_1.png,0,32,0,0,9,"[9, 19, 33, 44, 56, 68, 69, 70, 71]"
images/blank.jpg,0,33,1,0,9,"[9, 19, 33, 44, 56, 68, 69, 70, 71]"
images/image_357_seed_1.png,1,34,0,0,9,"[9, 19, 33, 44, 56, 68, 69, 70, 71]"
images/image_746_seed_1.png,1,35,0,0,9,"[9, 19, 33, 44, 56, 68, 69, 70, 71]"
images/image_296_seed_1.png,0,36,0,0,9,"[9, 19, 33, 44, 56, 68, 69, 70, 71]"
images/image_541_seed_1.png,1,37,0,0,9,"[9, 19, 33, 44, 56, 68, 69, 70, 71]"
images/image_589_seed_1.png,0,38,0,0,9,"[9, 19, 33, 44, 56, 68, 69, 70, 71]"
images/image_394_seed_1.png,1,39,0,0,9,"[9, 19, 33, 44, 56, 68, 69, 70, 71]"
images/image_417_seed_1.png,1,40,0,0,9,"[9, 19, 33, 44, 56, 68, 69, 70, 71]"
images/image_559_seed_1.png,1,41,0,0,9,"[9, 19, 33, 44, 56, 68, 69, 70, 71]"
images/image_105_seed_1.png,1,42,0,0,9,"[9, 19, 33, 44, 56, 68, 69, 70, 71]"
images/image_81_seed_1.png,0,43,0,0,9,"[9, 19, 33, 44, 56, 68, 69, 70, 71]"
images/blank.jpg,0,44,1,0,9,"[9, 19, 33, 44, 56, 68, 69, 70, 71]"
images/image_53_seed_1.png,0,45,0,0,9,"[9, 19, 33, 44, 56, 68, 69, 70, 71]"
images/image_661_seed_1.png,0,46,0,0,9,"[9, 19, 33, 44, 56, 68, 69, 70, 71]"
images/image_743_seed_1.png,0,47,0,0,9,"[9, 19, 33, 44, 56, 68, 69, 70, 71]"
images/image_305_seed_1.png,1,48,0,0,9,"[9, 19, 33, 44, 56, 68, 69, 70, 71]"
images/image_275_seed_1.png,1,49,0,0,9,"[9, 19, 33, 44, 56, 68, 69, 70, 71]"
images/image_719_seed_1.png,0,50,0,0,9,"[9, 19, 33, 44, 56, 68, 69, 70, 71]"
images/image_707_seed_1.png,0,51,0,0,9,"[9, 19, 33, 44, 56, 68, 69, 70, 71]"
images/image_467_seed_1.png,1,52,0,0,9,"[9, 19, 33, 44, 56, 68, 69, 70, 71]"
images/image_129_seed_1.png,1,53,0,0,9,"[9, 19, 33, 44, 56, 68, 69, 70, 71]"
images/image_13_seed_1.png,0,54,0,0,9,"[9, 19, 33, 44, 56, 68, 69, 70, 71]"
images/image_121_seed_1.png,1,55,0,0,9,"[9, 19, 33, 44, 56, 68, 69, 70, 71]"
images/blank.jpg,0,56,1,0,9,"[9, 19, 33, 44, 56, 68, 69, 70, 71]"
images/image_317_seed_1.png,0,57,0,0,9,"[9, 19, 33, 44, 56, 68, 69, 70, 71]"
images/image_312_seed_1.png,1,58,0,0,9,"[9, 19, 33, 44, 56, 68, 69, 70, 71]"
images/image_670_seed_1.png,0,59,0,0,9,"[9, 19, 33, 44, 56, 68, 69, 70, 71]"
images/image_176_seed_1.png,1,60,0,0,9,"[9, 19, 33, 44, 56, 68, 69, 70, 71]"
images/image_472_seed_1.png,1,61,0,0,9,"[9, 19, 33, 44, 56, 68, 69, 70, 71]"
images/image_280_seed_1.png,0,62,0,0,9,"[9, 19, 33, 44, 56, 68, 69, 70, 71]"
images/image_340_seed_1.png,1,63,0,0,9,"[9, 19, 33, 44, 56, 68, 69, 70, 71]"
images/image_37_seed_1.png,0,64,0,0,9,"[9, 19, 33, 44, 56, 68, 69, 70, 71]"
images/image_427_seed_1.png,1,65,0,0,9,"[9, 19, 33, 44, 56, 68, 69, 70, 71]"
images/image_373_seed_1.png,1,66,0,0,9,"[9, 19, 33, 44, 56, 68, 69, 70, 71]"
images/image_323_seed_1.png,0,67,0,0,9,"[9, 19, 33, 44, 56, 68, 69, 70, 71]"
images/blank.jpg,0,68,1,0,9,"[9, 19, 33, 44, 56, 68, 69, 70, 71]"
images/blank.jpg,0,69,1,0,9,"[9, 19, 33, 44, 56, 68, 69, 70, 71]"
images/blank.jpg,0,70,1,0,9,"[9, 19, 33, 44, 56, 68, 69, 70, 71]"
images/blank.jpg,0,71,1,1,9,"[9, 19, 33, 44, 56, 68, 69, 70, 71]"
images/image_210_seed_1.png,1,0,0,0,10,"[9, 19, 29, 39, 49, 59, 68, 69, 70, 71]"
images/image_279_seed_1.png,1,1,0,0,10,"[9, 19, 29, 39, 49, 59, 68, 69, 70, 71]"
images/image_310_seed_1.png,0,2,0,0,10,"[9, 19, 29, 39, 49, 59, 68, 69, 70, 71]"
images/image_154_seed_1.png,1,3,0,0,10,"[9, 19, 29, 39, 49, 59, 68, 69, 70, 71]"
images/image_647_seed_1.png,0,4,0,0,10,"[9, 19, 29, 39, 49, 59, 68, 69, 70, 71]"
images/image_172_seed_1.png,1,5,0,0,10,"[9, 19, 29, 39, 49, 59, 68, 69, 70, 71]"
images/image_697_seed_1.png,1,6,0,0,10,"[9, 19, 29, 39, 49, 59, 68, 69, 70, 71]"
images/image_252_seed_1.png,1,7,0,0,10,"[9, 19, 29, 39, 49, 59, 68, 69, 70, 71]"
images/image_28_seed_1.png,1,8,0,0,10,"[9, 19, 29, 39, 49, 59, 68, 69, 70, 71]"
images/blank.jpg,0,9,1,0,10,"[9, 19, 29, 39, 49, 59, 68, 69, 70, 71]"
images/image_450_seed_1.png,0,10,0,0,10,"[9, 19, 29, 39, 49, 59, 68, 69, 70, 71]"
images/image_2_seed_1.png,0,11,0,0,10,"[9, 19, 29, 39, 49, 59, 68, 69, 70, 71]"
images/image_714_seed_1.png,0,12,0,0,10,"[9, 19, 29, 39, 49, 59, 68, 69, 70, 71]"
images/image_591_seed_1.png,1,13,0,0,10,"[9, 19, 29, 39, 49, 59, 68, 69, 70, 71]"
images/image_507_seed_1.png,1,14,0,0,10,"[9, 19, 29, 39, 49, 59, 68, 69, 70, 71]"
images/image_648_seed_1.png,1,15,0,0,10,"[9, 19, 29, 39, 49, 59, 68, 69, 70, 71]"
images/image_104_seed_1.png,0,16,0,0,10,"[9, 19, 29, 39, 49, 59, 68, 69, 70, 71]"
images/image_53_seed_1.png,1,17,0,0,10,"[9, 19, 29, 39, 49, 59, 68, 69, 70, 71]"
images/image_430_seed_1.png,1,18,0,0,10,"[9, 19, 29, 39, 49, 59, 68, 69, 70, 71]"
images/blank.jpg,0,19,1,0,10,"[9, 19, 29, 39, 49, 59, 68, 69, 70, 71]"
images/image_347_seed_1.png,1,20,0,0,10,"[9, 19, 29, 39, 49, 59, 68, 69, 70, 71]"
images/image_214_seed_1.png,1,21,0,0,10,"[9, 19, 29, 39, 49, 59, 68, 69, 70, 71]"
images/image_46_seed_1.png,1,22,0,0,10,"[9, 19, 29, 39, 49, 59, 68, 69, 70, 71]"
images/image_511_seed_1.png,0,23,0,0,10,"[9, 19, 29, 39, 49, 59, 68, 69, 70, 71]"
images/image_113_seed_1.png,1,24,0,0,10,"[9, 19, 29, 39, 49, 59, 68, 69, 70, 71]"
images/image_6_seed_1.png,0,25,0,0,10,"[9, 19, 29, 39, 49, 59, 68, 69, 70, 71]"
images/image_339_seed_1.png,1,26,0,0,10,"[9, 19, 29, 39, 49, 59, 68, 69, 70, 71]"
images/image_321_seed_1.png,1,27,0,0,10,"[9, 19, 29, 39, 49, 59, 68, 69, 70, 71]"
images/image_581_seed_1.png,1,28,0,0,10,"[9, 19, 29, 39, 49, 59, 68, 69, 70, 71]"
images/blank.jpg,0,29,1,0,10,"[9, 19, 29, 39, 49, 59, 68, 69, 70, 71]"
images/image_10_seed_1.png,1,30,0,0,10,"[9, 19, 29, 39, 49, 59, 68, 69, 70, 71]"
images/image_386_seed_1.png,0,31,0,0,10,"[9, 19, 29, 39, 49, 59, 68, 69, 70, 71]"
images/image_91_seed_1.png,0,32,0,0,10,"[9, 19, 29, 39, 49, 59, 68, 69, 70, 71]"
images/image_331_seed_1.png,1,33,0,0,10,"[9, 19, 29, 39, 49, 59, 68, 69, 70, 71]"
images/image_163_seed_1.png,1,34,0,0,10,"[9, 19, 29, 39, 49, 59, 68, 69, 70, 71]"
images/image_328_seed_1.png,1,35,0,0,10,"[9, 19, 29, 39, 49, 59, 68, 69, 70, 71]"
images/image_166_seed_1.png,1,36,0,0,10,"[9, 19, 29, 39, 49, 59, 68, 69, 70, 71]"
images/image_250_seed_1.png,1,37,0,0,10,"[9, 19, 29, 39, 49, 59, 68, 69, 70, 71]"
images/image_81_seed_1.png,1,38,0,0,10,"[9, 19, 29, 39, 49, 59, 68, 69, 70, 71]"
images/blank.jpg,0,39,1,0,10,"[9, 19, 29, 39, 49, 59, 68, 69, 70, 71]"
images/image_392_seed_1.png,1,40,0,0,10,"[9, 19, 29, 39, 49, 59, 68, 69, 70, 71]"
images/image_481_seed_1.png,1,41,0,0,10,"[9, 19, 29, 39, 49, 59, 68, 69, 70, 71]"
images/image_429_seed_1.png,1,42,0,0,10,"[9, 19, 29, 39, 49, 59, 68, 69, 70, 71]"
images/image_625_seed_1.png,0,43,0,0,10,"[9, 19, 29, 39, 49, 59, 68, 69, 70, 71]"
images/image_519_seed_1.png,1,44,0,0,10,"[9, 19, 29, 39, 49, 59, 68, 69, 70, 71]"
images/image_527_seed_1.png,0,45,0,0,10,"[9, 19, 29, 39, 49, 59, 68, 69, 70, 71]"
images/image_706_seed_1.png,1,46,0,0,10,"[9, 19, 29, 39, 49, 59, 68, 69, 70, 71]"
images/image_617_seed_1.png,0,47,0,0,10,"[9, 19, 29, 39, 49, 59, 68, 69, 70, 71]"
images/image_20_seed_1.png,1,48,0,0,10,"[9, 19, 29, 39, 49, 59, 68, 69, 70, 71]"
images/blank.jpg,0,49,1,0,10,"[9, 19, 29, 39, 49, 59, 68, 69, 70, 71]"
images/image_647_seed_1.png,1,50,0,0,10,"[9, 19, 29, 39, 49, 59, 68, 69, 70, 71]"
images/image_530_seed_1.png,0,51,0,0,10,"[9, 19, 29, 39, 49, 59, 68, 69, 70, 71]"
images/image_540_seed_1.png,1,52,0,0,10,"[9, 19, 29, 39, 49, 59, 68, 69, 70, 71]"
images/image_623_seed_1.png,1,53,0,0,10,"[9, 19, 29, 39, 49, 59, 68, 69, 70, 71]"
images/image_470_seed_1.png,1,54,0,0,10,"[9, 19, 29, 39, 49, 59, 68, 69, 70, 71]"
images/image_324_seed_1.png,1,55,0,0,10,"[9, 19, 29, 39, 49, 59, 68, 69, 70, 71]"
images/image_285_seed_1.png,1,56,0,0,10,"[9, 19, 29, 39, 49, 59, 68, 69, 70, 71]"
images/image_617_seed_1.png,1,57,0,0,10,"[9, 19, 29, 39, 49, 59, 68, 69, 70, 71]"
images/image_668_seed_1.png,1,58,0,0,10,"[9, 19, 29, 39, 49, 59, 68, 69, 70, 71]"
images/blank.jpg,0,59,1,0,10,"[9, 19, 29, 39, 49, 59, 68, 69, 70, 71]"
images/image_446_seed_1.png,0,60,0,0,10,"[9, 19, 29, 39, 49, 59, 68, 69, 70, 71]"
images/image_289_seed_1.png,1,61,0,0,10,"[9, 19, 29, 39, 49, 59, 68, 69, 70, 71]"
images/image_17_seed_1.png,0,62,0,0,10,"[9, 19, 29, 39, 49, 59, 68, 69, 70, 71]"
images/image_216_seed_1.png,1,63,0,0,10,"[9, 19, 29, 39, 49, 59, 68, 69, 70, 71]"
images/image_349_seed_1.png,1,64,0,0,10,"[9, 19, 29, 39, 49, 59, 68, 69, 70, 71]"
images/image_468_seed_1.png,1,65,0,0,10,"[9, 19, 29, 39, 49, 59, 68, 69, 70, 71]"
images/image_310_seed_1.png,1,66,0,0,10,"[9, 19, 29, 39, 49, 59, 68, 69, 70, 71]"
images/image_594_seed_1.png,0,67,0,0,10,"[9, 19, 29, 39, 49, 59, 68, 69, 70, 71]"
images/blank.jpg,0,68,1,0,10,"[9, 19, 29, 39, 49, 59, 68, 69, 70, 71]"
images/blank.jpg,0,69,1,0,10,"[9, 19, 29, 39, 49, 59, 68, 69, 70, 71]"
images/blank.jpg,0,70,1,0,10,"[9, 19, 29, 39, 49, 59, 68, 69, 70, 71]"
images/blank.jpg,0,71,1,1,10,"[9, 19, 29, 39, 49, 59, 68, 69, 70, 71]"
images/image_514_seed_1.png,1,0,0,0,11,"[9, 19, 33, 44, 56, 68, 69, 70, 71]"
images/image_17_seed_1.png,1,1,0,0,11,"[9, 19, 33, 44, 56, 68, 69, 70, 71]"
images/image_42_seed_1.png,1,2,0,0,11,"[9, 19, 33, 44, 56, 68, 69, 70, 71]"
images/image_24_seed_1.png,0,3,0,0,11,"[9, 19, 33, 44, 56, 68, 69, 70, 71]"
images/image_284_seed_1.png,0,4,0,0,11,"[9, 19, 33, 44, 56, 68, 69, 70, 71]"
images/image_385_seed_1.png,0,5,0,0,11,"[9, 19, 33, 44, 56, 68, 69, 70, 71]"
images/image_449_seed_1.png,1,6,0,0,11,"[9, 19, 33, 44, 56, 68, 69, 70, 71]"
images/image_15_seed_1.png,1,7,0,0,11,"[9, 19, 33, 44, 56, 68, 69, 70, 71]"
images/image_280_seed_1.png,1,8,0,0,11,"[9, 19, 33, 44, 56, 68, 69, 70, 71]"
images/blank.jpg,0,9,1,0,11,"[9, 19, 33, 44, 56, 68, 69, 70, 71]"
images/image_25_seed_1.png,0,10,0,0,11,"[9, 19, 33, 44, 56, 68, 69, 70, 71]"
images/image_36_seed_1.png,1,11,0,0,11,"[9, 19, 33, 44, 56, 68, 69, 70, 71]"
images/image_593_seed_1.png,1,12,0,0,11,"[9, 19, 33, 44, 56, 68, 69, 70, 71]"
images/image_587_seed_1.png,0,13,0,0,11,"[9, 19, 33, 44, 56, 68, 69, 70, 71]"
images/image_689_seed_1.png,1,14,0,0,11,"[9, 19, 33, 44, 56, 68, 69, 70, 71]"
images/image_91_seed_1.png,1,15,0,0,11,"[9, 19, 33, 44, 56, 68, 69, 70, 71]"
images/image_398_seed_1.png,1,16,0,0,11,"[9, 19, 33, 44, 56, 68, 69, 70, 71]"
images/image_329_seed_1.png,1,17,0,0,11,"[9, 19, 33, 44, 56, 68, 69, 70, 71]"
images/image_625_seed_1.png,1,18,0,0,11,"[9, 19, 33, 44, 56, 68, 69, 70, 71]"
images/blank.jpg,0,19,1,0,11,"[9, 19, 33, 44, 56, 68, 69, 70, 71]"
images/image_315_seed_1.png,1,20,0,0,11,"[9, 19, 33, 44, 56, 68, 69, 70, 71]"
images/image_730_seed_1.png,1,21,0,0,11,"[9, 19, 33, 44, 56, 68, 69, 70, 71]"
images/image_603_seed_1.png,0,22,0,0,11,"[9, 19, 33, 44, 56, 68, 69, 70, 71]"
images/image_362_seed_1.png,0,23,0,0,11,"[9, 19, 33, 44, 56, 68, 69, 70, 71]"
images/image_14_seed_1.png,0,24,0,0,11,"[9, 19, 33, 44, 56, 68, 69, 70, 71]"
images/image_256_seed_1.png,1,25,0,0,11,"[9, 19, 33, 44, 56, 68, 69, 70, 71]"
images/image_228_seed_1.png,1,26,0,0,11,"[9, 19, 33, 44, 56, 68, 69, 70, 71]"
images/image_664_seed_1.png,1,27,0,0,11,"[9, 19, 33, 44, 56, 68, 69, 70, 71]"
images/image_202_seed_1.png,1,28,0,0,11,"[9, 19, 33, 44, 56, 68, 69, 70, 71]"
images/image_311_seed_1.png,1,29,0,0,11,"[9, 19, 33, 44, 56, 68, 69, 70, 71]"
images/image_688_seed_1.png,0,30,0,0,11,"[9, 19, 33, 44, 56, 68, 69, 70, 71]"
images/image_580_seed_1.png,1,31,0,0,11,"[9, 19, 33, 44, 56, 68, 69, 70, 71]"
images/image_194_seed_1.png,1,32,0,0,11,"[9, 19, 33, 44, 56, 68, 69, 70, 71]"
images/blank.jpg,0,33,1,0,11,"[9, 19, 33, 44, 56, 68, 69, 70, 71]"
images/image_585_seed_1.png,0,34,0,0,11,"[9, 19, 33, 44, 56, 68, 69, 70, 71]"
images/image_680_seed_1.png,1,35,0,0,11,"[9, 19, 33, 44, 56, 68, 69, 70, 71]"
images/image_646_seed_1.png,1,36,0,0,11,"[9, 19, 33, 44, 56, 68, 69, 70, 71]"
images/image_16_seed_1.png,1,37,0,0,11,"[9, 19, 33, 44, 56, 68, 69, 70, 71]"
images/image_138_seed_1.png,1,38,0,0,11,"[9, 19, 33, 44, 56, 68, 69, 70, 71]"
images/image_307_seed_1.png,1,39,0,0,11,"[9, 19, 33, 44, 56, 68, 69, 70, 71]"
images/image_503_seed_1.png,0,40,0,0,11,"[9, 19, 33, 44, 56, 68, 69, 70, 71]"
images/image_379_seed_1.png,1,41,0,0,11,"[9, 19, 33, 44, 56, 68, 69, 70, 71]"
images/image_524_seed_1.png,1,42,0,0,11,"[9, 19, 33, 44, 56, 68, 69, 70, 71]"
images/image_336_seed_1.png,0,43,0,0,11,"[9, 19, 33, 44, 56, 68, 69, 70, 71]"
images/blank.jpg,0,44,1,0,11,"[9, 19, 33, 44, 56, 68, 69, 70, 71]"
images/image_444_seed_1.png,1,45,0,0,11,"[9, 19, 33, 44, 56, 68, 69, 70, 71]"
images/image_4_seed_1.png,1,46,0,0,11,"[9, 19, 33, 44, 56, 68, 69, 70, 71]"
images/image_694_seed_1.png,0,47,0,0,11,"[9, 19, 33, 44, 56, 68, 69, 70, 71]"
images/image_634_seed_1.png,1,48,0,0,11,"[9, 19, 33, 44, 56, 68, 69, 70, 71]"
images/image_386_seed_1.png,1,49,0,0,11,"[9, 19, 33, 44, 56, 68, 69, 70, 71]"
images/image_709_seed_1.png,0,50,0,0,11,"[9, 19, 33, 44, 56, 68, 69, 70, 71]"
images/image_38_seed_1.png,1,51,0,0,11,"[9, 19, 33, 44, 56, 68, 69, 70, 71]"
images/image_587_seed_1.png,1,52,0,0,11,"[9, 19, 33, 44, 56, 68, 69, 70, 71]"
images/image_521_seed_1.png,1,53,0,0,11,"[9, 19, 33, 44, 56, 68, 69, 70, 71]"
images/image_496_seed_1.png,1,54,0,0,11,"[9, 19, 33, 44, 56, 68, 69, 70, 71]"
images/image_611_seed_1.png,1,55,0,0,11,"[9, 19, 33, 44, 56, 68, 69, 70, 71]"
images/blank.jpg,0,56,1,0,11,"[9, 19, 33, 44, 56, 68, 69, 70, 71]"
images/image_207_seed_1.png,1,57,0,0,11,"[9, 19, 33, 44, 56, 68, 69, 70, 71]"
images/image_458_seed_1.png,1,58,0,0,11,"[9, 19, 33, 44, 56, 68, 69, 70, 71]"
images/image_98_seed_1.png,1,59,0,0,11,"[9, 19, 33, 44, 56, 68, 69, 70, 71]"
images/image_735_seed_1.png,0,60,0,0,11,"[9, 19, 33, 44, 56, 68, 69, 70, 71]"
images/image_497_seed_1.png,0,61,0,0,11,"[9, 19, 33, 44, 56, 68, 69, 70, 71]"
images/image_177_seed_1.png,1,62,0,0,11,"[9, 19, 33, 44, 56, 68, 69, 70, 71]"
images/image_167_seed_1.png,0,63,0,0,11,"[9, 19, 33, 44, 56, 68, 69, 70, 71]"
images/image_190_seed_1.png,1,64,0,0,11,"[9, 19, 33, 44, 56, 68, 69, 70, 71]"
images/image_253_seed_1.png,1,65,0,0,11,"[9, 19, 33, 44, 56, 68, 69, 70, 71]"
images/image_3_seed_1.png,1,66,0,0,11,"[9, 19, 33, 44, 56, 68, 69, 70, 71]"
images/image_318_seed_1.png,1,67,0,0,11,"[9, 19, 33, 44, 56, 68, 69, 70, 71]"
images/blank.jpg,0,68,1,0,11,"[9, 19, 33, 44, 56, 68, 69, 70, 71]"
images/blank.jpg,0,69,1,0,11,"[9, 19, 33, 44, 56, 68, 69, 70, 71]"
images/blank.jpg,0,70,1,0,11,"[9, 19, 33, 44, 56, 68, 69, 70, 71]"
images/blank.jpg,0,71,1,1,11,"[9, 19, 33, 44, 56, 68, 69, 70, 71]"
images/image_527_seed_1.png,1,0,0,0,12,"[9, 19, 29, 39, 49, 59, 68, 69, 70, 71]"
images/image_413_seed_1.png,1,1,0,0,12,"[9, 19, 29, 39, 49, 59, 68, 69, 70, 71]"
images/image_434_seed_1.png,0,2,0,0,12,"[9, 19, 29, 39, 49, 59, 68, 69, 70, 71]"
images/image_384_seed_1.png,1,3,0,0,12,"[9, 19, 29, 39, 49, 59, 68, 69, 70, 71]"
images/image_343_seed_1.png,1,4,0,0,12,"[9, 19, 29, 39, 49, 59, 68, 69, 70, 71]"
images/image_719_seed_1.png,1,5,0,0,12,"[9, 19, 29, 39, 49, 59, 68, 69, 70, 71]"
images/image_654_seed_1.png,1,6,0,0,12,"[9, 19, 29, 39, 49, 59, 68, 69, 70, 71]"
images/image_70_seed_1.png,1,7,0,0,12,"[9, 19, 29, 39, 49, 59, 68, 69, 70, 71]"
images/image_439_seed_1.png,1,8,0,0,12,"[9, 19, 29, 39, 49, 59, 68, 69, 70, 71]"
images/blank.jpg,0,9,1,0,12,"[9, 19, 29, 39, 49, 59, 68, 69, 70, 71]"
images/image_573_seed_1.png,1,10,0,0,12,"[9, 19, 29, 39, 49, 59, 68, 69, 70, 71]"
images/image_39_seed_1.png,1,11,0,0,12,"[9, 19, 29, 39, 49, 59, 68, 69, 70, 71]"
images/image_594_seed_1.png,1,12,0,0,12,"[9, 19, 29, 39, 49, 59, 68, 69, 70, 71]"
images/image_374_seed_1.png,0,13,0,0,12,"[9, 19, 29, 39, 49, 59, 68, 69, 70, 71]"
images/image_130_seed_1.png,0,14,0,0,12,"[9, 19, 29, 39, 49, 59, 68, 69, 70, 71]"
images/image_90_seed_1.png,1,15,0,0,12,"[9, 19, 29, 39, 49, 59, 68, 69, 70, 71]"
images/image_491_seed_1.png,1,16,0,0,12,"[9, 19, 29, 39, 49, 59, 68, 69, 70, 71]"
images/image_203_seed_1.png,1,17,0,0,12,"[9, 19, 29, 39, 49, 59, 68, 69, 70, 71]"
images/image_702_seed_1.png,0,18,0,0,12,"[9, 19, 29, 39, 49, 59, 68, 69, 70, 71]"
images/blank.jpg,0,19,1,0,12,"[9, 19, 29, 39, 49, 59, 68, 69, 70, 71]"
images/image_621_seed_1.png,1,20,0,0,12,"[9, 19, 29, 39, 49, 59, 68, 69, 70, 71]"
images/image_249_seed_1.png,1,21,0,0,12,"[9, 19, 29, 39, 49, 59, 68, 69, 70, 71]"
images/image_25_seed_1.png,1,22,0,0,12,"[9, 19, 29, 39, 49, 59, 68, 69, 70, 71]"
images/image_6_seed_1.png,1,23,0,0,12,"[9, 19, 29, 39, 49, 59, 68, 69, 70, 71]"
images/image_713_seed_1.png,1,24,0,0,12,"[9, 19, 29, 39, 49, 59, 68, 69, 70, 71]"
images/image_101_seed_1.png,1,25,0,0,12,"[9, 19, 29, 39, 49, 59, 68, 69, 70, 71]"
images/image_281_seed_1.png,1,26,0,0,12,"[9, 19, 29, 39, 49, 59, 68, 69, 70, 71]"
images/image_44_seed_1.png,1,27,0,0,12,"[9, 19, 29, 39, 49, 59, 68, 69, 70, 71]"
images/image_688_seed_1.png,1,28,0,0,12,"[9, 19, 29, 39, 49, 59, 68, 69, 70, 71]"
images/blank.jpg,0,29,1,0,12,"[9, 19, 29, 39, 49, 59, 68, 69, 70, 71]"
images/image_397_seed_1.png,1,30,0,0,12,"[9, 19, 29, 39, 49, 59, 68, 69, 70, 71]"
images/image_448_seed_1.png,1,31,0,0,12,"[9, 19, 29, 39, 49, 59, 68, 69, 70, 71]"
images/image_293_seed_1.png,1,32,0,0,12,"[9, 19, 29, 39, 49, 59, 68, 69, 70, 71]"
images/image_61_seed_1.png,0,33,0,0,12,"[9, 19, 29, 39, 49, 59, 68, 69, 70, 71]"
images/image_718_seed_1.png,1,34,0,0,12,"[9, 19, 29, 39, 49, 59, 68, 69, 70, 71]"
images/image_7_seed_1.png,1,35,0,0,12,"[9, 19, 29, 39, 49, 59, 68, 69, 70, 71]"
images/image_607_seed_1.png,1,36,0,0,12,"[9, 19, 29, 39, 49, 59, 68, 69, 70, 71]"
images/image_393_seed_1.png,1,37,0,0,12,"[9, 19, 29, 39, 49, 59, 68, 69, 70, 71]"
images/image_377_seed_1.png,1,38,0,0,12,"[9, 19, 29, 39, 49, 59, 68, 69, 70, 71]"
images/blank.jpg,0,39,1,0,12,"[9, 19, 29, 39, 49, 59, 68, 69, 70, 71]"
images/image_564_seed_1.png,0,40,0,0,12,"[9, 19, 29, 39, 49, 59, 68, 69, 70, 71]"
images/image_454_seed_1.png,0,41,0,0,12,"[9, 19, 29, 39, 49, 59, 68, 69, 70, 71]"
images/image_548_seed_1.png,1,42,0,0,12,"[9, 19, 29, 39, 49, 59, 68, 69, 70, 71]"
images/image_140_seed_1.png,1,43,0,0,12,"[9, 19, 29, 39, 49, 59, 68, 69, 70, 71]"
images/image_283_seed_1.png,0,44,0,0,12,"[9, 19, 29, 39, 49, 59, 68, 69, 70, 71]"
images/image_727_seed_1.png,0,45,0,0,12,"[9, 19, 29, 39, 49, 59, 68, 69, 70, 71]"
images/image_55_seed_1.png,0,46,0,0,12,"[9, 19, 29, 39, 49, 59, 68, 69, 70, 71]"
images/image_556_seed_1.png,1,47,0,0,12,"[9, 19, 29, 39, 49, 59, 68, 69, 70, 71]"
images/image_263_seed_1.png,1,48,0,0,12,"[9, 19, 29, 39, 49, 59, 68, 69, 70, 71]"
images/blank.jpg,0,49,1,0,12,"[9, 19, 29, 39, 49, 59, 68, 69, 70, 71]"
images/image_52_seed_1.png,1,50,0,0,12,"[9, 19, 29, 39, 49, 59, 68, 69, 70, 71]"
images/image_167_seed_1.png,1,51,0,0,12,"[9, 19, 29, 39, 49, 59, 68, 69, 70, 71]"
images/image_297_seed_1.png,0,52,0,0,12,"[9, 19, 29, 39, 49, 59, 68, 69, 70, 71]"
images/image_459_seed_1.png,1,53,0,0,12,"[9, 19, 29, 39, 49, 59, 68, 69, 70, 71]"
images/image_636_seed_1.png,1,54,0,0,12,"[9, 19, 29, 39, 49, 59, 68, 69, 70, 71]"
images/image_141_seed_1.png,1,55,0,0,12,"[9, 19, 29, 39, 49, 59, 68, 69, 70, 71]"
images/image_226_seed_1.png,1,56,0,0,12,"[9, 19, 29, 39, 49, 59, 68, 69, 70, 71]"
images/image_530_seed_1.png,1,57,0,0,12,"[9, 19, 29, 39, 49, 59, 68, 69, 70, 71]"
images/image_145_seed_1.png,0,58,0,0,12,"[9, 19, 29, 39, 49, 59, 68, 69, 70, 71]"
images/blank.jpg,0,59,1,0,12,"[9, 19, 29, 39, 49, 59, 68, 69, 70, 71]"
images/image_687_seed_1.png,1,60,0,0,12,"[9, 19, 29, 39, 49, 59, 68, 69, 70, 71]"
images/image_709_seed_1.png,1,61,0,0,12,"[9, 19, 29, 39, 49, 59, 68, 69, 70, 71]"
images/image_385_seed_1.png,1,62,0,0,12,"[9, 19, 29, 39, 49, 59, 68, 69, 70, 71]"
images/image_388_seed_1.png,1,63,0,0,12,"[9, 19, 29, 39, 49, 59, 68, 69, 70, 71]"
images/image_641_seed_1.png,0,64,0,0,12,"[9, 19, 29, 39, 49, 59, 68, 69, 70, 71]"
images/image_589_seed_1.png,1,65,0,0,12,"[9, 19, 29, 39, 49, 59, 68, 69, 70, 71]"
images/image_299_seed_1.png,1,66,0,0,12,"[9, 19, 29, 39, 49, 59, 68, 69, 70, 71]"
images/image_722_seed_1.png,1,67,0,0,12,"[9, 19, 29, 39, 49, 59, 68, 69, 70, 71]"
images/blank.jpg,0,68,1,0,12,"[9, 19, 29, 39, 49, 59, 68, 69, 70, 71]"
images/blank.jpg,0,69,1,0,12,"[9, 19, 29, 39, 49, 59, 68, 69, 70, 71]"
images/blank.jpg,0,70,1,0,12,"[9, 19, 29, 39, 49, 59, 68, 69, 70, 71]"
images/blank.jpg,0,71,1,1,12,"[9, 19, 29, 39, 49, 59, 68, 69, 70, 71]"
images/image_24_seed_1.png,1,0,0,0,13,"[9, 23, 33, 44, 56, 68, 69, 70, 71]"
images/image_436_seed_1.png,1,1,0,0,13,"[9, 23, 33, 44, 56, 68, 69, 70, 71]"
images/image_658_seed_1.png,1,2,0,0,13,"[9, 23, 33, 44, 56, 68, 69, 70, 71]"
images/image_473_seed_1.png,1,3,0,0,13,"[9, 23, 33, 44, 56, 68, 69, 70, 71]"
images/image_209_seed_1.png,0,4,0,0,13,"[9, 23, 33, 44, 56, 68, 69, 70, 71]"
images/image_58_seed_1.png,1,5,0,0,13,"[9, 23, 33, 44, 56, 68, 69, 70, 71]"
images/image_572_seed_1.png,1,6,0,0,13,"[9, 23, 33, 44, 56, 68, 69, 70, 71]"
images/image_500_seed_1.png,1,7,0,0,13,"[9, 23, 33, 44, 56, 68, 69, 70, 71]"
images/image_2_seed_1.png,1,8,0,0,13,"[9, 23, 33, 44, 56, 68, 69, 70, 71]"
images/blank.jpg,0,9,1,0,13,"[9, 23, 33, 44, 56, 68, 69, 70, 71]"
images/image_740_seed_1.png,0,10,0,0,13,"[9, 23, 33, 44, 56, 68, 69, 70, 71]"
images/image_644_seed_1.png,0,11,0,0,13,"[9, 23, 33, 44, 56, 68, 69, 70, 71]"
images/image_454_seed_1.png,1,12,0,0,13,"[9, 23, 33, 44, 56, 68, 69, 70, 71]"
images/image_336_seed_1.png,1,13,0,0,13,"[9, 23, 33, 44, 56, 68, 69, 70, 71]"
images/image_461_seed_1.png,1,14,0,0,13,"[9, 23, 33, 44, 56, 68, 69, 70, 71]"
images/image_153_seed_1.png,1,15,0,0,13,"[9, 23, 33, 44, 56, 68, 69, 70, 71]"
images/image_71_seed_1.png,1,16,0,0,13,"[9, 23, 33, 44, 56, 68, 69, 70, 71]"
images/image_297_seed_1.png,1,17,0,0,13,"[9, 23, 33, 44, 56, 68, 69, 70, 71]"
images/image_40_seed_1.png,1,18,0,0,13,"[9, 23, 33, 44, 56, 68, 69, 70, 71]"
images/image_670_seed_1.png,1,19,0,0,13,"[9, 23, 33, 44, 56, 68, 69, 70, 71]"
images/image_487_seed_1.png,0,20,0,0,13,"[9, 23, 33, 44, 56, 68, 69, 70, 71]"
images/image_404_seed_1.png,1,21,0,0,13,"[9, 23, 33, 44, 56, 68, 69, 70, 71]"
images/image_165_seed_1.png,0,22,0,0,13,"[9, 23, 33, 44, 56, 68, 69, 70, 71]"
images/blank.jpg,0,23,1,0,13,"[9, 23, 33, 44, 56, 68, 69, 70, 71]"
images/image_23_seed_1.png,1,24,0,0,13,"[9, 23, 33, 44, 56, 68, 69, 70, 71]"
images/image_300_seed_1.png,1,25,0,0,13,"[9, 23, 33, 44, 56, 68, 69, 70, 71]"
images/image_586_seed_1.png,1,26,0,0,13,"[9, 23, 33, 44, 56, 68, 69, 70, 71]"
images/image_735_seed_1.png,1,27,0,0,13,"[9, 23, 33, 44, 56, 68, 69, 70, 71]"
images/image_724_seed_1.png,1,28,0,0,13,"[9, 23, 33, 44, 56, 68, 69, 70, 71]"
images/image_590_seed_1.png,1,29,0,0,13,"[9, 23, 33, 44, 56, 68, 69, 70, 71]"
images/image_571_seed_1.png,1,30,0,0,13,"[9, 23, 33, 44, 56, 68, 69, 70, 71]"
images/image_224_seed_1.png,1,31,0,0,13,"[9, 23, 33, 44, 56, 68, 69, 70, 71]"
images/image_511_seed_1.png,1,32,0,0,13,"[9, 23, 33, 44, 56, 68, 69, 70, 71]"
images/blank.jpg,0,33,1,0,13,"[9, 23, 33, 44, 56, 68, 69, 70, 71]"
images/image_616_seed_1.png,0,34,0,0,13,"[9, 23, 33, 44, 56, 68, 69, 70, 71]"
images/image_374_seed_1.png,1,35,0,0,13,"[9, 23, 33, 44, 56, 68, 69, 70, 71]"
images/image_145_seed_1.png,1,36,0,0,13,"[9, 23, 33, 44, 56, 68, 69, 70, 71]"
images/image_737_seed_1.png,1,37,0,0,13,"[9, 23, 33, 44, 56, 68, 69, 70, 71]"
images/image_383_seed_1.png,1,38,0,0,13,"[9, 23, 33, 44, 56, 68, 69, 70, 71]"
images/image_558_seed_1.png,0,39,0,0,13,"[9, 23, 33, 44, 56, 68, 69, 70, 71]"
images/image_651_seed_1.png,1,40,0,0,13,"[9, 23, 33, 44, 56, 68, 69, 70, 71]"
images/image_743_seed_1.png,1,41,0,0,13,"[9, 23, 33, 44, 56, 68, 69, 70, 71]"
images/image_345_seed_1.png,0,42,0,0,13,"[9, 23, 33, 44, 56, 68, 69, 70, 71]"
images/image_421_seed_1.png,1,43,0,0,13,"[9, 23, 33, 44, 56, 68, 69, 70, 71]"
images/blank.jpg,0,44,1,0,13,"[9, 23, 33, 44, 56, 68, 69, 70, 71]"
images/image_495_seed_1.png,1,45,0,0,13,"[9, 23, 33, 44, 56, 68, 69, 70, 71]"
images/image_155_seed_1.png,1,46,0,0,13,"[9, 23, 33, 44, 56, 68, 69, 70, 71]"
images/image_462_seed_1.png,1,47,0,0,13,"[9, 23, 33, 44, 56, 68, 69, 70, 71]"
images/image_534_seed_1.png,1,48,0,0,13,"[9, 23, 33, 44, 56, 68, 69, 70, 71]"
images/image_323_seed_1.png,1,49,0,0,13,"[9, 23, 33, 44, 56, 68, 69, 70, 71]"
images/image_546_seed_1.png,1,50,0,0,13,"[9, 23, 33, 44, 56, 68, 69, 70, 71]"
images/image_298_seed_1.png,1,51,0,0,13,"[9, 23, 33, 44, 56, 68, 69, 70, 71]"
images/image_564_seed_1.png,1,52,0,0,13,"[9, 23, 33, 44, 56, 68, 69, 70, 71]"
images/image_740_seed_1.png,1,53,0,0,13,"[9, 23, 33, 44, 56, 68, 69, 70, 71]"
images/image_31_seed_1.png,1,54,0,0,13,"[9, 23, 33, 44, 56, 68, 69, 70, 71]"
images/image_489_seed_1.png,1,55,0,0,13,"[9, 23, 33, 44, 56, 68, 69, 70, 71]"
images/blank.jpg,0,56,1,0,13,"[9, 23, 33, 44, 56, 68, 69, 70, 71]"
images/image_209_seed_1.png,1,57,0,0,13,"[9, 23, 33, 44, 56, 68, 69, 70, 71]"
images/image_419_seed_1.png,1,58,0,0,13,"[9, 23, 33, 44, 56, 68, 69, 70, 71]"
images/image_240_seed_1.png,1,59,0,0,13,"[9, 23, 33, 44, 56, 68, 69, 70, 71]"
images/image_728_seed_1.png,1,60,0,0,13,"[9, 23, 33, 44, 56, 68, 69, 70, 71]"
images/image_356_seed_1.png,1,61,0,0,13,"[9, 23, 33, 44, 56, 68, 69, 70, 71]"
images/image_582_seed_1.png,0,62,0,0,13,"[9, 23, 33, 44, 56, 68, 69, 70, 71]"
images/image_582_seed_1.png,1,63,0,0,13,"[9, 23, 33, 44, 56, 68, 69, 70, 71]"
images/image_455_seed_1.png,1,64,0,0,13,"[9, 23, 33, 44, 56, 68, 69, 70, 71]"
images/image_124_seed_1.png,0,65,0,0,13,"[9, 23, 33, 44, 56, 68, 69, 70, 71]"
images/image_520_seed_1.png,1,66,0,0,13,"[9, 23, 33, 44, 56, 68, 69, 70, 71]"
images/image_672_seed_1.png,1,67,0,0,13,"[9, 23, 33, 44, 56, 68, 69, 70, 71]"
images/blank.jpg,0,68,1,0,13,"[9, 23, 33, 44, 56, 68, 69, 70, 71]"
images/blank.jpg,0,69,1,0,13,"[9, 23, 33, 44, 56, 68, 69, 70, 71]"
images/blank.jpg,0,70,1,0,13,"[9, 23, 33, 44, 56, 68, 69, 70, 71]"
images/blank.jpg,0,71,1,1,13,"[9, 23, 33, 44, 56, 68, 69, 70, 71]"
images/image_644_seed_1.png,1,0,0,0,14,"[9, 19, 29, 39, 49, 59, 68, 69, 70, 71]"
images/image_456_seed_1.png,1,1,0,0,14,"[9, 19, 29, 39, 49, 59, 68, 69, 70, 71]"
images/image_304_seed_1.png,1,2,0,0,14,"[9, 19, 29, 39, 49, 59, 68, 69, 70, 71]"
images/image_631_seed_1.png,1,3,0,0,14,"[9, 19, 29, 39, 49, 59, 68, 69, 70, 71]"
images/image_136_seed_1.png,1,4,0,0,14,"[9, 19, 29, 39, 49, 59, 68, 69, 70, 71]"
images/image_378_seed_1.png,1,5,0,0,14,"[9, 19, 29, 39, 49, 59, 68, 69, 70, 71]"
images/image_415_seed_1.png,1,6,0,0,14,"[9, 19, 29, 39, 49, 59, 68, 69, 70, 71]"
images/image_61_seed_1.png,1,7,0,0,14,"[9, 19, 29, 39, 49, 59, 68, 69, 70, 71]"
images/image_290_seed_1.png,0,8,0,0,14,"[9, 19, 29, 39, 49, 59, 68, 69, 70, 71]"
images/blank.jpg,0,9,1,0,14,"[9, 19, 29, 39, 49, 59, 68, 69, 70, 71]"
images/image_284_seed_1.png,1,10,0,0,14,"[9, 19, 29, 39, 49, 59, 68, 69, 70, 71]"
images/image_27_seed_1.png,0,11,0,0,14,"[9, 19, 29, 39, 49, 59, 68, 69, 70, 71]"
images/image_104_seed_1.png,1,12,0,0,14,"[9, 19, 29, 39, 49, 59, 68, 69, 70, 71]"
images/image_418_seed_1.png,1,13,0,0,14,"[9, 19, 29, 39, 49, 59, 68, 69, 70, 71]"
images/image_21_seed_1.png,1,14,0,0,14,"[9, 19, 29, 39, 49, 59, 68, 69, 70, 71]"
images/image_396_seed_1.png,1,15,0,0,14,"[9, 19, 29, 39, 49, 59, 68, 69, 70, 71]"
images/image_643_seed_1.png,1,16,0,0,14,"[9, 19, 29, 39, 49, 59, 68, 69, 70, 71]"
images/image_714_seed_1.png,1,17,0,0,14,"[9, 19, 29, 39, 49, 59, 68, 69, 70, 71]"
images/image_497_seed_1.png,1,18,0,0,14,"[9, 19, 29, 39, 49, 59, 68, 69, 70, 71]"
images/blank.jpg,0,19,1,0,14,"[9, 19, 29, 39, 49, 59, 68, 69, 70, 71]"
images/image_615_seed_1.png,1,20,0,0,14,"[9, 19, 29, 39, 49, 59, 68, 69, 70, 71]"
images/image_535_seed_1.png,1,21,0,0,14,"[9, 19, 29, 39, 49, 59, 68, 69, 70, 71]"
images/image_538_seed_1.png,1,22,0,0,14,"[9, 19, 29, 39, 49, 59, 68, 69, 70, 71]"
images/image_12_seed_1.png,1,23,0,0,14,"[9, 19, 29, 39, 49, 59, 68, 69, 70, 71]"
images/image_716_seed_1.png,1,24,0,0,14,"[9, 19, 29, 39, 49, 59, 68, 69, 70, 71]"
images/image_96_seed_1.png,1,25,0,0,14,"[9, 19, 29, 39, 49, 59, 68, 69, 70, 71]"
images/image_290_seed_1.png,1,26,0,0,14,"[9, 19, 29, 39, 49, 59, 68, 69, 70, 71]"
images/image_683_seed_1.png,1,27,0,0,14,"[9, 19, 29, 39, 49, 59, 68, 69, 70, 71]"
images/image_558_seed_1.png,1,28,0,0,14,"[9, 19, 29, 39, 49, 59, 68, 69, 70, 71]"
images/blank.jpg,0,29,1,0,14,"[9, 19, 29, 39, 49, 59, 68, 69, 70, 71]"
images/image_705_seed_1.png,1,30,0,0,14,"[9, 19, 29, 39, 49, 59, 68, 69, 70, 71]"
images/image_262_seed_1.png,1,31,0,0,14,"[9, 19, 29, 39, 49, 59, 68, 69, 70, 71]"
images/image_545_seed_1.png,1,32,0,0,14,"[9, 19, 29, 39, 49, 59, 68, 69, 70, 71]"
images/image_505_seed_1.png,0,33,0,0,14,"[9, 19, 29, 39, 49, 59, 68, 69, 70, 71]"
images/image_517_seed_1.png,1,34,0,0,14,"[9, 19, 29, 39, 49, 59, 68, 69, 70, 71]"
images/image_125_seed_1.png,1,35,0,0,14,"[9, 19, 29, 39, 49, 59, 68, 69, 70, 71]"
images/image_37_seed_1.png,1,36,0,0,14,"[9, 19, 29, 39, 49, 59, 68, 69, 70, 71]"
images/image_182_seed_1.png,0,37,0,0,14,"[9, 19, 29, 39, 49, 59, 68, 69, 70, 71]"
images/image_641_seed_1.png,1,38,0,0,14,"[9, 19, 29, 39, 49, 59, 68, 69, 70, 71]"
images/blank.jpg,0,39,1,0,14,"[9, 19, 29, 39, 49, 59, 68, 69, 70, 71]"
images/image_14_seed_1.png,1,40,0,0,14,"[9, 19, 29, 39, 49, 59, 68, 69, 70, 71]"
images/image_457_seed_1.png,1,41,0,0,14,"[9, 19, 29, 39, 49, 59, 68, 69, 70, 71]"
images/image_196_seed_1.png,1,42,0,0,14,"[9, 19, 29, 39, 49, 59, 68, 69, 70, 71]"
images/image_345_seed_1.png,1,43,0,0,14,"[9, 19, 29, 39, 49, 59, 68, 69, 70, 71]"
images/image_158_seed_1.png,1,44,0,0,14,"[9, 19, 29, 39, 49, 59, 68, 69, 70, 71]"
images/image_554_seed_1.png,1,45,0,0,14,"[9, 19, 29, 39, 49, 59, 68, 69, 70, 71]"
images/image_178_seed_1.png,1,46,0,0,14,"[9, 19, 29, 39, 49, 59, 68, 69, 70, 71]"
images/image_168_seed_1.png,1,47,0,0,14,"[9, 19, 29, 39, 49, 59, 68, 69, 70, 71]"
images/image_666_seed_1.png,1,48,0,0,14,"[9, 19, 29, 39, 49, 59, 68, 69, 70, 71]"
images/blank.jpg,0,49,1,0,14,"[9, 19, 29, 39, 49, 59, 68, 69, 70, 71]"
images/image_288_seed_1.png,0,50,0,0,14,"[9, 19, 29, 39, 49, 59, 68, 69, 70, 71]"
images/image_268_seed_1.png,1,51,0,0,14,"[9, 19, 29, 39, 49, 59, 68, 69, 70, 71]"
images/image_56_seed_1.png,1,52,0,0,14,"[9, 19, 29, 39, 49, 59, 68, 69, 70, 71]"
images/image_131_seed_1.png,1,53,0,0,14,"[9, 19, 29, 39, 49, 59, 68, 69, 70, 71]"
images/image_88_seed_1.png,1,54,0,0,14,"[9, 19, 29, 39, 49, 59, 68, 69, 70, 71]"
images/image_525_seed_1.png,1,55,0,0,14,"[9, 19, 29, 39, 49, 59, 68, 69, 70, 71]"
images/image_254_seed_1.png,1,56,0,0,14,"[9, 19, 29, 39, 49, 59, 68, 69, 70, 71]"
images/image_182_seed_1.png,1,57,0,0,14,"[9, 19, 29, 39, 49, 59, 68, 69, 70, 71]"
images/image_707_seed_1.png,1,58,0,0,14,"[9, 19, 29, 39, 49, 59, 68, 69, 70, 71]"
images/blank.jpg,0,59,1,0,14,"[9, 19, 29, 39, 49, 59, 68, 69, 70, 71]"
images/image_282_seed_1.png,1,60,0,0,14,"[9, 19, 29, 39, 49, 59, 68, 69, 70, 71]"
images/image_124_seed_1.png,1,61,0,0,14,"[9, 19, 29, 39, 49, 59, 68, 69, 70, 71]"
images/image_603_seed_1.png,1,62,0,0,14,"[9, 19, 29, 39, 49, 59, 68, 69, 70, 71]"
images/image_510_seed_1.png,1,63,0,0,14,"[9, 19, 29, 39, 49, 59, 68, 69, 70, 71]"
images/image_283_seed_1.png,1,64,0,0,14,"[9, 19, 29, 39, 49, 59, 68, 69, 70, 71]"
images/image_613_seed_1.png,1,65,0,0,14,"[9, 19, 29, 39, 49, 59, 68, 69, 70, 71]"
images/image_73_seed_1.png,1,66,0,0,14,"[9, 19, 29, 39, 49, 59, 68, 69, 70, 71]"
images/image_503_seed_1.png,1,67,0,0,14,"[9, 19, 29, 39, 49, 59, 68, 69, 70, 71]"
images/blank.jpg,0,68,1,0,14,"[9, 19, 29, 39, 49, 59, 68, 69, 70, 71]"
images/blank.jpg,0,69,1,0,14,"[9, 19, 29, 39, 49, 59, 68, 69, 70, 71]"
images/blank.jpg,0,70,1,0,14,"[9, 19, 29, 39, 49, 59, 68, 69, 70, 71]"
images/blank.jpg,0,71,1,1,14,"[9, 19, 29, 39, 49, 59, 68, 69, 70, 71]"
images/image_694_seed_1.png,1,0,0,0,15,"[9, 21, 31, 45, 56, 68, 69, 70, 71]"
images/image_692_seed_1.png,1,1,0,0,15,"[9, 21, 31, 45, 56, 68, 69, 70, 71]"
images/image_395_seed_1.png,1,2,0,0,15,"[9, 21, 31, 45, 56, 68, 69, 70, 71]"
images/image_516_seed_1.png,0,3,0,0,15,"[9, 21, 31, 45, 56, 68, 69, 70, 71]"
images/image_702_seed_1.png,1,4,0,0,15,"[9, 21, 31, 45, 56, 68, 69, 70, 71]"
images/image_220_seed_1.png,1,5,0,0,15,"[9, 21, 31, 45, 56, 68, 69, 70, 71]"
images/image_533_seed_1.png,1,6,0,0,15,"[9, 21, 31, 45, 56, 68, 69, 70, 71]"
images/image_616_seed_1.png,1,7,0,0,15,"[9, 21, 31, 45, 56, 68, 69, 70, 71]"
images/image_366_seed_1.png,1,8,0,0,15,"[9, 21, 31, 45, 56, 68, 69, 70, 71]"
images/blank.jpg,0,9,1,0,15,"[9, 21, 31, 45, 56, 68, 69, 70, 71]"
images/image_29_seed_1.png,1,10,0,0,15,"[9, 21, 31, 45, 56, 68, 69, 70, 71]"
images/image_86_seed_1.png,1,11,0,0,15,"[9, 21, 31, 45, 56, 68, 69, 70, 71]"
images/image_434_seed_1.png,1,12,0,0,15,"[9, 21, 31, 45, 56, 68, 69, 70, 71]"
images/image_139_seed_1.png,1,13,0,0,15,"[9, 21, 31, 45, 56, 68, 69, 70, 71]"
images/image_446_seed_1.png,1,14,0,0,15,"[9, 21, 31, 45, 56, 68, 69, 70, 71]"
images/image_505_seed_1.png,1,15,0,0,15,"[9, 21, 31, 45, 56, 68, 69, 70, 71]"
images/image_267_seed_1.png,1,16,0,0,15,"[9, 21, 31, 45, 56, 68, 69, 70, 71]"
images/image_67_seed_1.png,1,17,0,0,15,"[9, 21, 31, 45, 56, 68, 69, 70, 71]"
images/image_130_seed_1.png,1,18,0,0,15,"[9, 21, 31, 45, 56, 68, 69, 70, 71]"
images/image_296_seed_1.png,1,19,0,0,15,"[9, 21, 31, 45, 56, 68, 69, 70, 71]"
images/image_206_seed_1.png,1,20,0,0,15,"[9, 21, 31, 45, 56, 68, 69, 70, 71]"
images/blank.jpg,0,21,1,0,15,"[9, 21, 31, 45, 56, 68, 69, 70, 71]"
images/image_13_seed_1.png,1,22,0,0,15,"[9, 21, 31, 45, 56, 68, 69, 70, 71]"
images/image_109_seed_1.png,1,23,0,0,15,"[9, 21, 31, 45, 56, 68, 69, 70, 71]"
images/image_665_seed_1.png,0,24,0,0,15,"[9, 21, 31, 45, 56, 68, 69, 70, 71]"
images/image_655_seed_1.png,1,25,0,0,15,"[9, 21, 31, 45, 56, 68, 69, 70, 71]"
images/image_55_seed_1.png,1,26,0,0,15,"[9, 21, 31, 45, 56, 68, 69, 70, 71]"
images/image_362_seed_1.png,1,27,0,0,15,"[9, 21, 31, 45, 56, 68, 69, 70, 71]"
images/image_653_seed_1.png,1,28,0,0,15,"[9, 21, 31, 45, 56, 68, 69, 70, 71]"
images/image_245_seed_1.png,1,29,0,0,15,"[9, 21, 31, 45, 56, 68, 69, 70, 71]"
images/image_9_seed_1.png,1,30,0,0,15,"[9, 21, 31, 45, 56, 68, 69, 70, 71]"
images/blank.jpg,0,31,1,0,15,"[9, 21, 31, 45, 56, 68, 69, 70, 71]"
images/image_665_seed_1.png,1,32,0,0,15,"[9, 21, 31, 45, 56, 68, 69, 70, 71]"
images/image_246_seed_1.png,1,33,0,0,15,"[9, 21, 31, 45, 56, 68, 69, 70, 71]"
images/image_585_seed_1.png,1,34,0,0,15,"[9, 21, 31, 45, 56, 68, 69, 70, 71]"
images/image_661_seed_1.png,1,35,0,0,15,"[9, 21, 31, 45, 56, 68, 69, 70, 71]"
images/image_137_seed_1.png,1,36,0,0,15,"[9, 21, 31, 45, 56, 68, 69, 70, 71]"
images/image_723_seed_1.png,1,37,0,0,15,"[9, 21, 31, 45, 56, 68, 69, 70, 71]"
images/image_674_seed_1.png,1,38,0,0,15,"[9, 21, 31, 45, 56, 68, 69, 70, 71]"
images/image_94_seed_1.png,1,39,0,0,15,"[9, 21, 31, 45, 56, 68, 69, 70, 71]"
images/image_317_seed_1.png,1,40,0,0,15,"[9, 21, 31, 45, 56, 68, 69, 70, 71]"
images/image_161_seed_1.png,1,41,0,0,15,"[9, 21, 31, 45, 56, 68, 69, 70, 71]"
images/image_487_seed_1.png,1,42,0,0,15,"[9, 21, 31, 45, 56, 68, 69, 70, 71]"
images/image_319_seed_1.png,1,43,0,0,15,"[9, 21, 31, 45, 56, 68, 69, 70, 71]"
images/image_288_seed_1.png,1,44,0,0,15,"[9, 21, 31, 45, 56, 68, 69, 70, 71]"
images/blank.jpg,0,45,1,0,15,"[9, 21, 31, 45, 56, 68, 69, 70, 71]"
images/image_598_seed_1.png,1,46,0,0,15,"[9, 21, 31, 45, 56, 68, 69, 70, 71]"
images/image_165_seed_1.png,1,47,0,0,15,"[9, 21, 31, 45, 56, 68, 69, 70, 71]"
images/image_640_seed_1.png,0,48,0,0,15,"[9, 21, 31, 45, 56, 68, 69, 70, 71]"
images/image_506_seed_1.png,1,49,0,0,15,"[9, 21, 31, 45, 56, 68, 69, 70, 71]"
images/image_731_seed_1.png,1,50,0,0,15,"[9, 21, 31, 45, 56, 68, 69, 70, 71]"
images/image_127_seed_1.png,1,51,0,0,15,"[9, 21, 31, 45, 56, 68, 69, 70, 71]"
images/image_450_seed_1.png,1,52,0,0,15,"[9, 21, 31, 45, 56, 68, 69, 70, 71]"
images/image_54_seed_1.png,1,53,0,0,15,"[9, 21, 31, 45, 56, 68, 69, 70, 71]"
images/image_567_seed_1.png,1,54,0,0,15,"[9, 21, 31, 45, 56, 68, 69, 70, 71]"
images/image_277_seed_1.png,1,55,0,0,15,"[9, 21, 31, 45, 56, 68, 69, 70, 71]"
images/blank.jpg,0,56,1,0,15,"[9, 21, 31, 45, 56, 68, 69, 70, 71]"
images/image_422_seed_1.png,1,57,0,0,15,"[9, 21, 31, 45, 56, 68, 69, 70, 71]"
images/image_708_seed_1.png,1,58,0,0,15,"[9, 21, 31, 45, 56, 68, 69, 70, 71]"
images/image_27_seed_1.png,1,59,0,0,15,"[9, 21, 31, 45, 56, 68, 69, 70, 71]"
images/image_173_seed_1.png,0,60,0,0,15,"[9, 21, 31, 45, 56, 68, 69, 70, 71]"
images/image_516_seed_1.png,1,61,0,0,15,"[9, 21, 31, 45, 56, 68, 69, 70, 71]"
images/image_727_seed_1.png,1,62,0,0,15,"[9, 21, 31, 45, 56, 68, 69, 70, 71]"
images/image_5_seed_1.png,1,63,0,0,15,"[9, 21, 31, 45, 56, 68, 69, 70, 71]"
images/image_640_seed_1.png,1,64,0,0,15,"[9, 21, 31, 45, 56, 68, 69, 70, 71]"
images/image_381_seed_1.png,1,65,0,0,15,"[9, 21, 31, 45, 56, 68, 69, 70, 71]"
images/image_173_seed_1.png,1,66,0,0,15,"[9, 21, 31, 45, 56, 68, 69, 70, 71]"
images/image_236_seed_1.png,1,67,0,0,15,"[9, 21, 31, 45, 56, 68, 69, 70, 71]"
images/blank.jpg,0,68,1,0,15,"[9, 21, 31, 45, 56, 68, 69, 70, 71]"
images/blank.jpg,0,69,1,0,15,"[9, 21, 31, 45, 56, 68, 69, 70, 71]"
images/blank.jpg,0,70,1,0,15,"[9, 21, 31, 45, 56, 68, 69, 70, 71]"
images/blank.jpg,0,71,1,0,15,"[9, 21, 31, 45, 56, 68, 69, 70, 71]"
